<beometa>
sampleRate:48000
filtFMulti:12
midi_osc,addr:546,fAddr:553,aAddr:536,vAddr:777,min:0,max:0,format:824,midi_id:8
midi_osc,addr:577,fAddr:584,aAddr:567,vAddr:778,min:0,max:0,format:824,midi_id:7
midi_osc,addr:608,fAddr:615,aAddr:598,vAddr:779,min:0,max:0,format:824,midi_id:6
midi_osc,addr:639,fAddr:646,aAddr:629,vAddr:780,min:0,max:0,format:824,midi_id:5
midi_osc,addr:670,fAddr:677,aAddr:660,vAddr:781,min:0,max:0,format:824,midi_id:4
midi_osc,addr:701,fAddr:708,aAddr:691,vAddr:782,min:0,max:0,format:824,midi_id:3
midi_osc,addr:732,fAddr:739,aAddr:722,vAddr:783,min:0,max:0,format:824,midi_id:2
midi_osc,addr:763,fAddr:770,aAddr:753,vAddr:784,min:0,max:0,format:824,midi_id:1
midi_knob,addr:775,fAddr:,aAddr:,vAddr:,min:0.5,max:1.5,format:824,midi_id:1
midi_knob,addr:776,fAddr:,aAddr:,vAddr:,min:0,max:1,format:824,midi_id:2
<program>
4
248,144
0,0
4
248,144
0,1
4
0,0
0,255
4
244,0
0,0
4
244,0
0,1
4
0,0
0,255
4
244,3
0,0
4
244,3
0,1
4
240,3
0,0
4
240,0
0,96
4
240,1
0,2
4
240,2
0,1
4
240,5
0,7
4
240,3
0,1
4
0,0
0,255
4
240,80
31,255
4
240,81
0,31
4
245,129
7,255
4
245,22
0,7
4
245,23
0,7
4
245,24
0,12
4
245,25
0,112
4
245,38
0,1
4
247,148
0,24
4
247,149
0,24
4
247,150
0,24
4
247,151
0,24
4
247,152
0,24
4
247,153
0,10
4
247,155
0,8
4
247,156
0,8
4
247,157
0,24
4
247,158
0,24
4
247,160
0,15
4
247,163
0,31
4
241,0
0,1
4
241,1
0,64
4
241,7
0,3
4
241,64
0,6
4
241,65
0,5
4
241,71
0,6
4
241,128
0,2
4
241,129
0,2
4
241,130
0,2
4
241,131
0,2
4
241,132
0,2
4
241,133
0,2
4
241,134
0,2
4
241,135
0,2
4
241,136
0,2
4
241,137
0,2
4
241,138
0,2
4
241,139
0,2
4
241,140
0,2
4
241,141
0,2
4
241,142
0,2
4
241,143
0,2
4
241,144
0,2
4
241,145
0,2
4
241,146
0,2
4
241,147
0,2
4
241,148
0,2
4
241,149
0,2
4
241,150
0,2
4
241,151
0,2
4
241,192
0,1
4
242,0
0,64
4
242,4
144,0
4
242,8
72,0
4
242,12
108,0
4
242,16
144,0
4
242,20
144,0
4
242,24
144,0
4
242,28
144,0
4
246,4
0,1
4
246,144
0,1
21266
192,0
0,0,0,2
12,0,220,220
13,0,255,210
13,0,255,208
13,0,244,80
13,0,244,0
192,0,35,128
128,0,0,0
192,0,35,0
128,0,0,0
192,0,35,192
128,0,0,16
192,0,34,0
128,0,0,0
8,128,220,224
12,0,220,220
192,0,40,48
128,0,3,44
192,0,48,0
128,0,0,56
1,0,0,22
6,64,80,16
192,0,32,0
128,0,0,41
13,0,255,193
192,0,32,0
128,0,0,1
13,0,244,98
192,0,32,0
128,0,0,0
13,0,244,98
192,0,32,0
128,0,0,2
13,0,255,209
0,0,0,3
13,0,255,210
0,0,0,5
0,0,0,0
0,0,0,0
2,1,0,36
0,0,0,0
0,0,0,0
8,158,220,224
8,156,0,16
0,0,0,0
192,0,0,0
130,79,0,0
8,138,220,224
10,35,0,6
0,140,32,0
10,167,0,5
2,9,0,64
192,0,40,112
128,0,96,0
0,140,17,145
0,0,0,35
0,0,0,0
48,0,188,233
0,0,194,241
1,0,0,63
6,0,80,20
54,64,80,21
38,64,64,21
9,43,0,6
0,0,0,0
12,0,2,15
192,0,0,24
128,64,25,94
12,0,2,16
192,0,0,24
128,64,25,110
12,0,2,17
192,0,0,24
128,64,25,30
12,0,2,18
192,0,0,24
128,64,25,142
12,0,2,19
192,0,0,24
128,64,25,206
12,0,2,20
192,0,0,24
128,64,25,190
12,0,2,21
192,0,0,24
128,64,25,238
12,0,2,22
192,0,0,24
128,64,26,110
12,0,2,23
192,0,0,24
128,64,26,94
12,0,2,24
6,64,18,110
12,0,2,25
192,0,0,24
128,64,25,14
12,0,2,26
192,0,0,24
128,64,24,238
12,0,2,27
192,0,0,24
128,64,25,62
12,0,2,28
192,0,0,24
128,64,26,46
12,0,2,29
192,0,0,24
128,64,26,62
12,0,2,30
192,0,0,24
128,64,26,78
12,0,2,31
192,0,0,24
128,64,25,254
12,0,2,32
192,0,0,24
128,64,26,14
12,0,2,33
192,0,0,24
128,64,26,30
10,253,2,35
12,64,1,247
10,225,1,248
10,165,2,34
0,244,169,9
0,132,8,137
0,199,161,8
0,148,8,143
0,4,69,24
11,225,1,248
192,0,0,16
129,76,150,126
8,144,0,27
12,112,0,20
14,61,0,23
0,244,174,15
10,37,220,220
10,225,0,21
0,0,220,112
0,0,164,216
0,214,33,1
0,0,224,41
7,5,136,8
0,132,25,179
0,4,69,144
0,68,44,48
0,4,73,40
0,148,8,135
11,225,0,21
5,77,16,30
12,0,2,37
6,64,16,14
12,0,2,38
6,64,19,110
12,0,2,39
192,0,0,24
128,64,25,158
12,0,2,40
192,0,0,24
128,64,25,174
12,0,2,41
192,0,0,24
129,64,22,94
12,0,2,42
192,0,0,24
128,64,25,78
12,0,2,43
192,0,0,24
129,64,27,126
12,0,2,44
192,0,0,24
128,64,24,254
12,0,2,45
192,0,0,24
128,64,25,46
12,0,2,46
192,0,0,24
128,64,26,190
12,0,2,47
192,0,0,24
128,64,26,206
12,0,2,48
192,0,0,24
128,64,27,14
12,0,2,49
192,0,0,24
128,64,27,46
12,0,2,50
192,0,0,24
128,64,27,110
12,0,2,51
192,0,0,24
128,64,27,94
12,0,2,52
192,0,0,24
128,64,27,142
12,0,2,53
192,0,0,24
128,64,28,14
12,0,2,54
192,0,0,24
128,64,27,254
12,0,2,55
6,64,18,142
12,0,2,56
192,0,0,24
128,64,26,254
12,0,2,57
192,0,0,24
128,64,26,222
12,0,2,58
192,0,0,24
128,64,26,158
12,0,2,59
192,0,0,24
128,64,27,206
12,0,2,60
192,0,0,24
128,64,27,222
12,0,2,61
192,0,0,24
128,64,27,238
12,0,2,62
192,0,0,24
128,64,27,158
12,0,2,63
192,0,0,24
128,64,27,174
12,0,2,64
192,0,0,24
128,64,27,190
10,253,2,66
12,64,1,250
10,225,1,251
10,165,2,65
0,244,169,9
0,132,8,137
0,199,161,8
0,148,8,143
0,4,69,24
11,225,1,251
192,0,0,16
129,76,150,190
8,144,0,37
12,112,0,30
14,61,0,33
0,244,174,15
10,37,220,220
10,225,0,31
0,0,220,112
0,0,164,216
0,214,33,1
0,0,224,41
7,5,136,8
0,132,25,179
0,4,69,144
0,68,44,48
0,4,73,40
0,148,8,135
11,225,0,31
5,77,16,62
12,0,2,68
6,64,16,46
12,0,2,69
6,64,19,142
12,0,2,70
192,0,0,24
128,64,27,62
12,0,2,71
192,0,0,24
128,64,27,78
12,0,2,72
192,0,0,24
129,64,22,158
12,0,2,73
192,0,0,24
128,64,26,174
12,0,2,74
192,0,0,24
129,64,27,174
12,0,2,75
192,0,0,24
128,64,26,238
12,0,2,76
192,0,0,24
128,64,26,142
12,0,2,77
192,0,0,24
128,64,28,46
12,0,2,78
192,0,0,24
128,64,28,62
12,0,2,79
192,0,0,24
128,64,28,126
12,0,2,80
192,0,0,24
128,64,28,238
12,0,2,81
192,0,0,24
128,64,29,14
12,0,2,82
192,0,0,24
128,64,28,222
12,0,2,83
192,0,0,24
128,64,29,110
12,0,2,84
192,0,0,24
128,64,29,174
12,0,2,85
192,0,0,24
128,64,29,94
12,0,2,86
6,64,18,174
12,0,2,87
192,0,0,24
128,64,28,110
12,0,2,88
192,0,0,24
128,64,28,78
12,0,2,89
192,0,0,24
128,64,28,158
12,0,2,90
192,0,0,24
128,64,29,46
12,0,2,91
192,0,0,24
128,64,29,62
12,0,2,92
192,0,0,24
128,64,29,78
12,0,2,93
192,0,0,24
128,64,29,126
12,0,2,94
192,0,0,24
128,64,29,142
12,0,2,95
192,0,0,24
128,64,29,158
10,253,2,97
12,64,1,253
10,225,1,254
10,165,2,96
0,244,169,9
0,132,8,137
0,199,161,8
0,148,8,143
0,4,69,24
11,225,1,254
192,0,0,16
129,76,150,254
8,144,0,47
12,112,0,40
14,61,0,43
0,244,174,15
10,37,220,220
10,225,0,41
0,0,220,112
0,0,164,216
0,214,33,1
0,0,224,41
7,5,136,8
0,132,25,179
0,4,69,144
0,68,44,48
0,4,73,40
0,148,8,135
11,225,0,41
5,77,16,94
12,0,2,99
6,64,16,78
12,0,2,100
6,64,19,174
12,0,2,101
192,0,0,24
128,64,28,254
12,0,2,102
192,0,0,24
128,64,28,206
12,0,2,103
192,0,0,24
129,64,22,222
12,0,2,104
192,0,0,24
128,64,28,174
12,0,2,105
192,0,0,24
129,64,27,222
12,0,2,106
192,0,0,24
128,64,28,94
12,0,2,107
192,0,0,24
128,64,28,142
12,0,2,108
192,0,0,24
128,64,30,62
12,0,2,109
192,0,0,24
128,64,30,78
12,0,2,110
192,0,0,24
128,64,30,46
12,0,2,111
192,0,0,24
128,64,30,110
12,0,2,112
192,0,0,24
128,64,30,174
12,0,2,113
192,0,0,24
128,64,30,158
12,0,2,114
192,0,0,24
128,64,31,14
12,0,2,115
192,0,0,24
128,64,31,78
12,0,2,116
192,0,0,24
128,64,30,254
12,0,2,117
6,64,18,206
12,0,2,118
192,0,0,24
128,64,30,30
12,0,2,119
192,0,0,24
128,64,29,254
12,0,2,120
192,0,0,24
128,64,29,222
12,0,2,121
192,0,0,24
128,64,30,206
12,0,2,122
192,0,0,24
128,64,30,222
12,0,2,123
192,0,0,24
128,64,30,238
12,0,2,124
192,0,0,24
128,64,31,30
12,0,2,125
192,0,0,24
128,64,31,46
12,0,2,126
192,0,0,24
128,64,31,62
10,253,2,128
12,64,2,0
10,225,2,1
10,165,2,127
0,244,169,9
0,132,8,137
0,199,161,8
0,148,8,143
0,4,69,24
11,225,2,1
192,0,0,16
129,76,151,62
8,144,0,57
12,112,0,50
14,61,0,53
0,244,174,15
10,37,220,220
10,225,0,51
0,0,220,112
0,0,164,216
0,214,33,1
0,0,224,41
7,5,136,8
0,132,25,179
0,4,69,144
0,68,44,48
0,4,73,40
0,148,8,135
11,225,0,51
5,77,16,126
12,0,2,130
6,64,16,110
12,0,2,131
6,64,19,206
12,0,2,132
192,0,0,24
128,64,30,126
12,0,2,133
192,0,0,24
128,64,30,142
12,0,2,134
192,0,0,24
129,64,23,30
12,0,2,135
192,0,0,24
128,64,29,238
12,0,2,136
192,0,0,24
129,64,28,14
12,0,2,137
192,0,0,24
128,64,30,14
12,0,2,138
192,0,0,24
128,64,29,206
12,0,2,139
192,0,0,24
128,64,31,174
12,0,2,140
192,0,0,24
128,64,31,190
12,0,2,141
192,0,0,24
128,64,31,158
12,0,2,142
192,0,0,24
128,192,16,14
12,0,2,143
192,0,0,24
128,192,16,78
12,0,2,144
192,0,0,24
128,192,16,62
12,0,2,145
192,0,0,24
128,192,16,174
12,0,2,146
192,0,0,24
128,192,16,238
12,0,2,147
192,0,0,24
128,192,16,158
12,0,2,148
6,64,18,238
12,0,2,149
192,0,0,24
128,64,31,142
12,0,2,150
192,0,0,24
128,64,31,110
12,0,2,151
192,0,0,24
128,64,31,222
12,0,2,152
192,0,0,24
128,192,16,110
12,0,2,153
192,0,0,24
128,192,16,126
12,0,2,154
192,0,0,24
128,192,16,142
12,0,2,155
192,0,0,24
128,192,16,190
12,0,2,156
192,0,0,24
128,192,16,206
12,0,2,157
192,0,0,24
128,192,16,222
10,253,2,159
12,64,2,3
10,225,2,4
10,165,2,158
0,244,169,9
0,132,8,137
0,199,161,8
0,148,8,143
0,4,69,24
11,225,2,4
192,0,0,16
129,76,151,126
8,144,0,67
12,112,0,60
14,61,0,63
0,244,174,15
10,37,220,220
10,225,0,61
0,0,220,112
0,0,164,216
0,214,33,1
0,0,224,41
7,5,136,8
0,132,25,179
0,4,69,144
0,68,44,48
0,4,73,40
0,148,8,135
11,225,0,61
5,77,16,158
12,0,2,161
6,64,16,142
12,0,2,162
6,64,19,238
12,0,2,163
192,0,0,24
128,192,16,30
12,0,2,164
192,0,0,24
128,192,16,46
12,0,2,165
192,0,0,24
129,64,23,94
12,0,2,166
192,0,0,24
128,64,31,238
12,0,2,167
192,0,0,24
129,64,28,62
12,0,2,168
192,0,0,24
128,64,31,126
12,0,2,169
192,0,0,24
128,64,31,206
12,0,2,170
192,0,0,24
128,192,17,78
12,0,2,171
192,0,0,24
128,192,17,94
12,0,2,172
192,0,0,24
128,192,17,62
12,0,2,173
192,0,0,24
128,192,17,174
12,0,2,174
192,0,0,24
128,192,17,238
12,0,2,175
192,0,0,24
128,192,17,222
12,0,2,176
192,0,0,24
128,192,18,14
12,0,2,177
192,0,0,24
128,192,18,78
12,0,2,178
192,0,0,24
128,192,18,142
12,0,2,179
6,64,19,14
12,0,2,180
192,0,0,24
128,192,17,46
12,0,2,181
192,0,0,24
128,192,17,14
12,0,2,182
192,0,0,24
128,192,17,126
12,0,2,183
192,0,0,24
128,192,18,94
12,0,2,184
192,0,0,24
128,192,18,110
12,0,2,185
192,0,0,24
128,192,18,126
12,0,2,186
192,0,0,24
128,192,18,30
12,0,2,187
192,0,0,24
128,192,18,46
12,0,2,188
192,0,0,24
128,192,18,62
10,253,2,190
12,64,2,6
10,225,2,7
10,165,2,189
0,244,169,9
0,132,8,137
0,199,161,8
0,148,8,143
0,4,69,24
11,225,2,7
192,0,0,16
129,76,151,190
8,144,0,77
12,112,0,70
14,61,0,73
0,244,174,15
10,37,220,220
10,225,0,71
0,0,220,112
0,0,164,216
0,214,33,1
0,0,224,41
7,5,136,8
0,132,25,179
0,4,69,144
0,68,44,48
0,4,73,40
0,148,8,135
11,225,0,71
5,77,16,190
12,0,2,192
6,64,16,174
12,0,2,193
6,64,20,14
12,0,2,194
192,0,0,24
128,192,17,190
12,0,2,195
192,0,0,24
128,192,17,206
12,0,2,196
192,0,0,24
129,64,23,158
12,0,2,197
192,0,0,24
128,192,17,142
12,0,2,198
192,0,0,24
129,64,28,110
12,0,2,199
192,0,0,24
128,192,17,30
12,0,2,200
192,0,0,24
128,192,17,110
12,0,2,201
192,0,0,24
128,192,18,222
12,0,2,202
192,0,0,24
128,192,18,238
12,0,2,203
192,0,0,24
128,192,19,46
12,0,2,204
192,0,0,24
128,192,19,78
12,0,2,205
192,0,0,24
128,192,19,94
12,0,2,206
192,0,0,24
128,192,19,142
12,0,2,207
192,0,0,24
128,192,19,174
12,0,2,208
192,0,0,24
128,192,19,238
12,0,2,209
192,0,0,24
128,192,20,46
12,0,2,210
6,64,19,46
12,0,2,211
192,0,0,24
128,192,19,30
12,0,2,212
192,0,0,24
128,192,18,254
12,0,2,213
192,0,0,24
128,192,18,190
12,0,2,214
192,0,0,24
128,192,19,254
12,0,2,215
192,0,0,24
128,192,20,14
12,0,2,216
192,0,0,24
128,192,20,30
12,0,2,217
192,0,0,24
128,192,19,190
12,0,2,218
192,0,0,24
128,192,19,206
12,0,2,219
192,0,0,24
128,192,19,222
10,253,2,221
12,64,2,9
10,225,2,10
10,165,2,220
0,244,169,9
0,132,8,137
0,199,161,8
0,148,8,143
0,4,69,24
11,225,2,10
192,0,0,16
129,76,151,254
8,144,0,87
12,112,0,80
14,61,0,83
0,244,174,15
10,37,220,220
10,225,0,81
0,0,220,112
0,0,164,216
0,214,33,1
0,0,224,41
7,5,136,8
0,132,25,179
0,4,69,144
0,68,44,48
0,4,73,40
0,148,8,135
11,225,0,81
5,77,16,222
12,0,2,223
6,64,16,206
12,0,2,224
6,64,20,46
12,0,2,225
192,0,0,24
128,192,19,110
12,0,2,226
192,0,0,24
128,192,19,126
12,0,2,227
192,0,0,24
129,64,23,222
12,0,2,228
192,0,0,24
128,192,18,206
12,0,2,229
192,0,0,24
129,64,28,158
12,0,2,230
192,0,0,24
128,192,19,14
12,0,2,231
192,0,0,24
128,192,18,174
12,0,2,232
192,0,0,24
128,192,20,78
12,0,2,233
192,0,0,24
128,192,20,94
12,0,2,234
192,0,0,24
128,192,20,158
12,0,2,235
192,0,0,24
128,192,21,14
12,0,2,236
192,0,0,24
128,192,21,46
12,0,2,237
192,0,0,24
128,192,20,254
12,0,2,238
192,0,0,24
128,192,21,78
12,0,2,239
192,0,0,24
128,192,21,206
12,0,2,240
192,0,0,24
128,192,21,190
12,0,2,241
6,64,19,78
12,0,2,242
192,0,0,24
128,192,20,142
12,0,2,243
192,0,0,24
128,192,20,110
12,0,2,244
192,0,0,24
128,192,20,190
12,0,2,245
192,0,0,24
128,192,21,142
12,0,2,246
192,0,0,24
128,192,21,158
12,0,2,247
192,0,0,24
128,192,21,174
12,0,2,248
192,0,0,24
128,192,21,94
12,0,2,249
192,0,0,24
128,192,21,110
12,0,2,250
192,0,0,24
128,192,21,126
10,253,2,252
12,64,2,12
10,225,2,13
10,165,2,251
0,244,169,9
0,132,8,137
0,199,161,8
0,148,8,143
0,4,69,24
11,225,2,13
192,0,0,16
129,76,152,62
8,144,0,97
12,112,0,90
14,61,0,93
0,244,174,15
10,37,220,220
10,225,0,91
0,0,220,112
0,0,164,216
0,214,33,1
0,0,224,41
7,5,136,8
0,132,25,179
0,4,69,144
0,68,44,48
0,4,73,40
0,148,8,135
11,225,0,91
5,77,16,254
12,0,2,254
6,64,16,238
12,0,2,255
6,64,20,78
12,0,3,0
192,0,0,24
128,192,21,30
12,0,3,1
192,0,0,24
128,192,20,238
12,0,3,2
192,0,0,24
129,64,24,30
12,0,3,3
192,0,0,24
128,192,20,206
12,0,3,4
192,0,0,24
129,64,28,206
12,0,3,5
192,0,0,24
128,192,20,126
12,0,3,6
192,0,0,24
128,192,20,174
12,0,252,48
6,64,17,14
12,0,252,49
6,64,17,30
12,0,3,7
192,0,0,24
129,64,25,94
12,0,3,8
6,64,17,94
5,12,16,14
5,44,16,30
0,132,0,8
5,76,17,78
5,12,16,46
5,44,16,62
0,132,0,8
5,76,17,110
5,12,16,78
5,44,16,94
0,132,0,8
5,76,17,126
5,12,16,110
5,44,16,126
0,132,0,8
5,76,17,142
5,12,16,142
5,44,16,158
0,132,0,8
5,76,17,158
5,12,16,174
5,44,16,190
0,132,0,8
5,76,17,174
5,12,16,206
5,44,16,222
0,132,0,8
5,76,17,190
5,12,16,238
5,44,16,254
0,132,0,8
5,76,17,206
192,0,8,15
141,128,0,101
192,0,8,15
141,132,0,102
192,0,8,15
141,148,0,100
6,16,17,14
6,16,145,30
12,1,253,160
0,16,0,8
13,0,0,100
5,76,17,46
5,108,17,62
192,0,8,15
141,128,0,105
192,0,8,15
141,132,0,104
192,0,8,15
141,148,0,103
6,16,17,46
12,1,253,160
0,4,0,8
13,0,0,103
192,0,0,16
129,76,28,238
192,0,8,15
141,128,0,108
192,0,8,15
141,132,0,107
192,0,8,15
141,148,0,106
6,16,17,62
12,1,253,160
0,4,0,8
13,0,0,106
192,0,0,16
129,76,28,254
5,12,17,78
6,0,17,94
0,4,69,0
0,0,0,0
5,76,145,222
5,12,17,110
6,0,17,94
0,4,69,0
0,0,0,0
5,76,145,238
5,12,17,126
6,0,17,94
0,4,69,0
0,0,0,0
5,76,145,254
5,12,17,142
6,0,17,94
0,4,69,0
0,0,0,0
5,76,146,14
5,12,17,158
6,0,17,94
0,4,69,0
0,0,0,0
5,76,146,30
5,12,17,174
6,0,17,94
0,4,69,0
0,0,0,0
5,76,146,46
5,12,17,190
6,0,17,94
0,4,69,0
0,0,0,0
5,76,146,62
5,12,17,206
6,0,17,94
0,4,69,0
0,0,0,0
5,76,146,78
5,12,17,222
5,12,145,94
0,132,16,1
5,76,19,94
5,12,17,238
5,12,145,94
0,132,16,1
5,76,19,126
5,12,17,254
5,12,145,94
0,132,16,1
5,76,19,158
5,12,18,14
5,12,145,94
0,132,16,1
5,76,19,190
5,12,18,30
5,12,145,94
0,132,16,1
5,76,19,222
5,12,18,46
5,12,145,94
0,132,16,1
5,76,19,254
5,12,18,62
5,12,145,94
0,132,16,1
5,76,20,30
5,12,18,78
5,12,145,94
0,132,16,1
5,76,20,62
5,12,18,94
5,44,18,110
10,37,0,109
0,140,16,1
0,140,24,129
0,0,180,34
0,0,188,35
0,156,32,8
0,32,6,24
5,76,20,94
5,12,18,94
5,44,18,110
10,37,0,110
0,140,16,1
0,140,24,129
0,0,180,34
0,0,188,35
0,156,32,8
0,32,6,24
5,76,20,142
5,12,18,94
5,44,18,110
10,37,0,111
0,140,16,1
0,140,24,129
0,0,180,34
0,0,188,35
0,156,32,8
0,32,6,24
5,76,20,190
5,12,18,126
5,44,18,142
10,37,0,112
0,140,16,1
0,140,24,129
0,0,180,34
0,0,188,35
0,156,32,8
0,32,6,24
5,76,20,238
5,12,18,126
5,44,18,142
10,37,0,113
0,140,16,1
0,140,24,129
0,0,180,34
0,0,188,35
0,156,32,8
0,32,6,24
5,76,21,30
5,12,18,126
5,44,18,142
10,37,0,114
0,140,16,1
0,140,24,129
0,0,180,34
0,0,188,35
0,156,32,8
0,32,6,24
5,76,21,78
5,12,18,158
5,44,18,174
10,37,0,115
0,140,16,1
0,140,24,129
0,0,180,34
0,0,188,35
0,156,32,8
0,32,6,24
5,76,21,126
5,12,18,158
5,44,18,174
10,37,0,116
0,140,16,1
0,140,24,129
0,0,180,34
0,0,188,35
0,156,32,8
0,32,6,24
5,76,21,174
5,12,18,158
5,44,18,174
10,37,0,117
0,140,16,1
0,140,24,129
0,0,180,34
0,0,188,35
0,156,32,8
0,32,6,24
5,76,21,222
5,12,18,190
5,44,18,206
10,37,0,118
0,140,16,1
0,140,24,129
0,0,180,34
0,0,188,35
0,156,32,8
0,32,6,24
5,76,22,14
5,12,18,190
5,44,18,206
10,37,0,119
0,140,16,1
0,140,24,129
0,0,180,34
0,0,188,35
0,156,32,8
0,32,6,24
5,76,22,62
5,12,18,190
5,44,18,206
10,37,0,120
0,140,16,1
0,140,24,129
0,0,180,34
0,0,188,35
0,156,32,8
0,32,6,24
5,76,22,110
5,12,18,222
5,44,18,238
10,37,0,121
0,140,16,1
0,140,24,129
0,0,180,34
0,0,188,35
0,156,32,8
0,32,6,24
5,76,22,158
5,12,18,222
5,44,18,238
10,37,0,122
0,140,16,1
0,140,24,129
0,0,180,34
0,0,188,35
0,156,32,8
0,32,6,24
5,76,22,206
5,12,18,222
5,44,18,238
10,37,0,123
0,140,16,1
0,140,24,129
0,0,180,34
0,0,188,35
0,156,32,8
0,32,6,24
5,76,22,254
5,12,18,254
5,44,19,14
10,37,0,124
0,140,16,1
0,140,24,129
0,0,180,34
0,0,188,35
0,156,32,8
0,32,6,24
5,76,23,46
5,12,18,254
5,44,19,14
10,37,0,125
0,140,16,1
0,140,24,129
0,0,180,34
0,0,188,35
0,156,32,8
0,32,6,24
5,76,23,94
5,12,18,254
5,44,19,14
10,37,0,126
0,140,16,1
0,140,24,129
0,0,180,34
0,0,188,35
0,156,32,8
0,32,6,24
5,76,23,142
5,12,19,30
5,44,19,46
10,37,0,127
0,140,16,1
0,140,24,129
0,0,180,34
0,0,188,35
0,156,32,8
0,32,6,24
5,76,23,190
5,12,19,30
5,44,19,46
10,37,0,128
0,140,16,1
0,140,24,129
0,0,180,34
0,0,188,35
0,156,32,8
0,32,6,24
5,76,23,238
5,12,19,30
5,44,19,46
10,37,0,129
0,140,16,1
0,140,24,129
0,0,180,34
0,0,188,35
0,156,32,8
0,32,6,24
192,0,0,16
128,76,24,30
5,12,19,62
5,44,19,78
10,37,0,130
0,140,16,1
0,140,24,129
0,0,180,34
0,0,188,35
0,156,32,8
0,32,6,24
192,0,0,16
128,76,24,78
5,12,19,62
5,44,19,78
10,37,0,131
0,140,16,1
0,140,24,129
0,0,180,34
0,0,188,35
0,156,32,8
0,32,6,24
192,0,0,16
128,76,24,126
5,12,19,62
5,44,19,78
10,37,0,132
0,140,16,1
0,140,24,129
0,0,180,34
0,0,188,35
0,156,32,8
0,32,6,24
192,0,0,16
128,76,24,174
5,12,19,94
5,44,19,110
0,132,0,8
192,0,0,16
129,76,24,94
5,12,19,126
5,44,19,142
0,132,0,8
192,0,0,16
129,76,24,126
5,12,19,158
5,44,19,174
0,132,0,8
192,0,0,16
129,76,24,158
5,12,19,190
5,44,19,206
0,132,0,8
192,0,0,16
129,76,24,190
5,12,19,222
5,44,19,238
0,132,0,8
192,0,0,16
129,76,24,222
5,12,19,254
5,44,20,14
0,132,0,8
192,0,0,16
129,76,24,254
5,12,20,30
5,44,20,46
0,132,0,8
192,0,0,16
129,76,25,30
5,12,20,62
5,44,20,78
0,132,0,8
192,0,0,16
129,76,25,62
5,44,20,94
6,32,146,110
10,33,0,133
54,32,148,110
0,136,32,8
48,133,128,0
0,32,6,16
11,33,0,133
192,0,0,16
128,76,24,222
5,12,20,110
5,44,20,94
0,132,0,8
192,0,0,16
128,204,21,238
5,44,20,142
6,32,146,110
10,33,0,134
54,32,148,158
0,136,32,8
48,133,128,0
0,32,6,16
11,33,0,134
192,0,0,16
128,76,25,126
5,12,20,158
5,44,20,142
0,132,0,8
192,0,0,16
128,204,22,14
5,12,20,206
5,44,20,190
0,132,0,8
192,0,0,16
128,204,22,46
5,44,20,190
6,32,146,110
10,33,0,135
54,32,148,206
0,136,32,8
48,133,128,0
0,32,6,16
11,33,0,135
192,0,0,16
128,76,25,222
5,44,20,238
6,32,146,142
10,33,0,136
54,32,148,254
0,136,32,8
48,133,128,0
0,32,6,16
11,33,0,136
192,0,0,16
128,76,26,126
5,12,20,254
5,44,20,238
0,132,0,8
192,0,0,16
128,204,22,78
5,44,21,30
6,32,146,142
10,33,0,137
54,32,149,46
0,136,32,8
48,133,128,0
0,32,6,16
11,33,0,137
192,0,0,16
128,76,27,30
5,12,21,46
5,44,21,30
0,132,0,8
192,0,0,16
128,204,22,110
5,12,21,94
5,44,21,78
0,132,0,8
192,0,0,16
128,204,22,142
5,44,21,78
6,32,146,142
10,33,0,138
54,32,149,94
0,136,32,8
48,133,128,0
0,32,6,16
11,33,0,138
192,0,0,16
128,76,27,126
5,44,21,126
6,32,146,174
10,33,0,139
54,32,149,142
0,136,32,8
48,133,128,0
0,32,6,16
11,33,0,139
192,0,0,16
128,76,28,30
5,12,21,142
5,44,21,126
0,132,0,8
192,0,0,16
128,204,22,174
5,12,21,190
5,44,21,174
0,132,0,8
192,0,0,16
128,204,22,206
5,44,21,174
6,32,146,174
10,33,0,140
54,32,149,190
0,136,32,8
48,133,128,0
0,32,6,16
11,33,0,140
192,0,0,16
128,76,28,190
5,44,21,222
6,32,146,174
10,33,0,141
54,32,149,238
0,136,32,8
48,133,128,0
0,32,6,16
11,33,0,141
192,0,0,16
128,76,29,30
5,12,21,238
5,44,21,222
0,132,0,8
192,0,0,16
128,204,22,238
5,12,22,30
5,44,22,14
0,132,0,8
192,0,0,16
128,204,23,14
5,44,22,14
6,32,146,206
10,33,0,142
54,32,150,30
0,136,32,8
48,133,128,0
0,32,6,16
11,33,0,142
192,0,0,16
128,76,29,190
5,12,22,78
5,44,22,62
0,132,0,8
192,0,0,16
128,204,23,46
5,44,22,62
6,32,146,206
10,33,0,143
54,32,150,78
0,136,32,8
48,133,128,0
0,32,6,16
11,33,0,143
192,0,0,16
128,76,30,94
5,12,22,126
5,44,22,110
0,132,0,8
192,0,0,16
128,204,23,78
5,44,22,110
6,32,146,206
10,33,0,144
54,32,150,126
0,136,32,8
48,133,128,0
0,32,6,16
11,33,0,144
192,0,0,16
128,76,30,190
5,44,22,158
6,32,146,238
10,33,0,145
54,32,150,174
0,136,32,8
48,133,128,0
0,32,6,16
11,33,0,145
192,0,0,16
128,76,31,94
5,12,22,174
5,44,22,158
0,132,0,8
192,0,0,16
128,204,23,110
5,44,22,206
6,32,146,238
10,33,0,146
54,32,150,222
0,136,32,8
48,133,128,0
0,32,6,16
11,33,0,146
192,0,0,16
128,76,31,254
5,12,22,222
5,44,22,206
0,132,0,8
192,0,0,16
128,204,23,142
5,12,23,14
5,44,22,254
0,132,0,8
192,0,0,16
128,204,23,174
5,44,22,254
6,32,146,238
10,33,0,147
54,32,151,14
0,136,32,8
48,133,128,0
0,32,6,16
11,33,0,147
192,0,0,16
128,204,16,94
5,44,23,46
6,32,147,14
10,33,0,148
54,32,151,62
0,136,32,8
48,133,128,0
0,32,6,16
11,33,0,148
192,0,0,16
128,204,16,254
5,12,23,62
5,44,23,46
0,132,0,8
192,0,0,16
128,204,23,206
5,12,23,110
5,44,23,94
0,132,0,8
192,0,0,16
128,204,23,238
5,44,23,94
6,32,147,14
10,33,0,149
54,32,151,110
0,136,32,8
48,133,128,0
0,32,6,16
11,33,0,149
192,0,0,16
128,204,17,158
5,44,23,142
6,32,147,14
10,33,0,150
54,32,151,158
0,136,32,8
48,133,128,0
0,32,6,16
11,33,0,150
192,0,0,16
128,204,17,254
5,12,23,158
5,44,23,142
0,132,0,8
192,0,0,16
128,204,24,14
5,44,23,190
6,32,147,46
10,33,0,151
54,32,151,206
0,136,32,8
48,133,128,0
0,32,6,16
11,33,0,151
192,0,0,16
128,204,18,158
5,12,23,206
5,44,23,190
0,132,0,8
192,0,0,16
128,204,24,46
5,12,23,254
5,44,23,238
0,132,0,8
192,0,0,16
128,204,24,78
5,44,23,238
6,32,147,46
10,33,0,152
54,32,151,254
0,136,32,8
48,133,128,0
0,32,6,16
11,33,0,152
192,0,0,16
128,204,19,62
192,0,0,16
128,12,24,46
192,0,0,16
128,44,24,30
0,132,0,8
192,0,0,16
128,204,24,110
192,0,0,16
128,44,24,30
6,32,147,46
10,33,0,153
192,0,0,24
176,32,152,46
0,136,32,8
48,133,128,0
0,32,6,16
11,33,0,153
192,0,0,16
128,204,19,158
192,0,0,16
128,12,24,94
192,0,0,16
128,44,24,78
0,132,0,8
192,0,0,16
128,204,24,142
192,0,0,16
128,44,24,78
6,32,147,78
10,33,0,154
192,0,0,24
176,32,152,94
0,136,32,8
48,133,128,0
0,32,6,16
11,33,0,154
192,0,0,16
128,204,20,62
192,0,0,16
128,12,24,142
192,0,0,16
128,44,24,126
0,132,0,8
192,0,0,16
128,204,24,174
192,0,0,16
128,44,24,126
6,32,147,78
10,33,0,155
192,0,0,24
176,32,152,142
0,136,32,8
48,133,128,0
0,32,6,16
11,33,0,155
192,0,0,16
128,204,20,222
192,0,0,16
128,12,24,190
192,0,0,16
128,44,24,174
0,132,0,8
192,0,0,16
128,204,24,206
192,0,0,16
128,44,24,174
6,32,147,78
10,33,0,156
192,0,0,24
176,32,152,190
0,136,32,8
48,133,128,0
0,32,6,16
11,33,0,156
192,0,0,16
128,204,21,62
192,0,0,0
130,15,0,157
192,0,0,16
128,12,24,222
0,0,216,64
192,0,0,0
130,30,0,0
4,24,136,0
0,0,0,0
6,0,24,1
192,0,0,24
128,192,24,238
192,0,0,0
130,15,0,161
192,0,0,16
128,12,24,222
0,0,216,64
192,0,0,0
130,30,0,0
4,24,136,0
0,0,0,0
6,0,24,1
192,0,0,24
128,192,30,222
192,0,0,0
130,15,0,165
192,0,0,16
128,12,24,222
0,0,216,64
192,0,0,0
130,30,0,0
4,24,136,0
0,0,0,0
6,0,24,1
192,0,0,24
128,192,21,222
192,0,0,0
130,15,0,169
192,0,0,16
128,12,25,126
0,0,216,64
192,0,0,0
130,30,0,0
4,24,136,0
0,0,0,0
6,0,24,1
192,0,0,24
128,192,30,254
192,0,0,0
130,15,0,173
192,0,0,16
128,12,25,126
0,0,216,64
192,0,0,0
130,30,0,0
4,24,136,0
0,0,0,0
6,0,24,1
192,0,0,24
128,192,25,14
192,0,0,0
130,15,0,177
192,0,0,16
128,12,25,126
0,0,216,64
192,0,0,0
130,30,0,0
4,24,136,0
0,0,0,0
6,0,24,1
192,0,0,24
128,192,21,254
192,0,0,0
130,15,0,181
192,0,0,16
128,12,25,222
0,0,216,64
192,0,0,0
130,30,0,0
4,24,136,0
0,0,0,0
6,0,24,1
192,0,0,24
128,192,31,30
192,0,0,0
130,15,0,187
192,0,0,16
128,12,25,222
0,0,216,64
192,0,0,0
130,30,0,0
4,24,136,0
0,0,0,0
6,0,24,1
192,0,0,24
128,192,25,46
192,0,0,0
130,15,0,193
192,0,0,16
128,12,25,222
0,0,216,64
192,0,0,0
130,30,0,0
4,24,136,0
0,0,0,0
6,0,24,1
192,0,0,24
128,192,22,30
192,0,0,0
130,15,0,199
192,0,0,16
128,12,26,126
0,0,216,64
192,0,0,0
130,30,0,0
4,24,136,0
0,0,0,0
6,0,24,1
192,0,0,24
128,192,31,62
192,0,0,0
130,15,0,203
192,0,0,16
128,12,26,126
0,0,216,64
192,0,0,0
130,30,0,0
4,24,136,0
0,0,0,0
6,0,24,1
192,0,0,24
128,192,22,62
192,0,0,0
130,15,0,207
192,0,0,16
128,12,26,126
0,0,216,64
192,0,0,0
130,30,0,0
4,24,136,0
0,0,0,0
6,0,24,1
192,0,0,24
128,192,25,78
192,0,0,0
130,15,0,211
192,0,0,16
128,12,27,30
0,0,216,64
192,0,0,0
130,30,0,0
4,24,136,0
0,0,0,0
6,0,24,1
192,0,0,24
128,192,31,94
192,0,0,0
130,15,0,215
192,0,0,16
128,12,27,30
0,0,216,64
192,0,0,0
130,30,0,0
4,24,136,0
0,0,0,0
6,0,24,1
192,0,0,24
128,192,25,110
192,0,0,0
130,15,0,219
192,0,0,16
128,12,27,30
0,0,216,64
192,0,0,0
130,30,0,0
4,24,136,0
0,0,0,0
6,0,24,1
192,0,0,24
128,192,22,94
192,0,0,0
130,15,0,223
192,0,0,16
128,12,27,126
0,0,216,64
192,0,0,0
130,30,0,0
4,24,136,0
0,0,0,0
6,0,24,1
192,0,0,24
128,192,31,126
192,0,0,0
130,15,0,229
192,0,0,16
128,12,27,126
0,0,216,64
192,0,0,0
130,30,0,0
4,24,136,0
0,0,0,0
6,0,24,1
192,0,0,24
128,192,25,142
192,0,0,0
130,15,0,235
192,0,0,16
128,12,27,126
0,0,216,64
192,0,0,0
130,30,0,0
4,24,136,0
0,0,0,0
6,0,24,1
192,0,0,24
128,192,22,126
192,0,0,0
130,15,0,241
192,0,0,16
128,12,28,30
0,0,216,64
192,0,0,0
130,30,0,0
4,24,136,0
0,0,0,0
6,0,24,1
192,0,0,24
128,192,22,158
192,0,0,0
130,15,0,245
192,0,0,16
128,12,28,30
0,0,216,64
192,0,0,0
130,30,0,0
4,24,136,0
0,0,0,0
6,0,24,1
192,0,0,24
128,192,25,174
192,0,0,0
130,15,0,249
192,0,0,16
128,12,28,30
0,0,216,64
192,0,0,0
130,30,0,0
4,24,136,0
0,0,0,0
6,0,24,1
192,0,0,24
128,192,31,158
192,0,0,0
130,15,0,253
192,0,0,16
128,12,28,190
0,0,216,64
192,0,0,0
130,30,0,0
4,24,136,0
0,0,0,0
6,0,24,1
192,0,0,24
128,192,25,206
192,0,0,0
130,15,1,1
192,0,0,16
128,12,28,190
0,0,216,64
192,0,0,0
130,30,0,0
4,24,136,0
0,0,0,0
6,0,24,1
192,0,0,24
128,192,31,190
192,0,0,0
130,15,1,5
192,0,0,16
128,12,28,190
0,0,216,64
192,0,0,0
130,30,0,0
4,24,136,0
0,0,0,0
6,0,24,1
192,0,0,24
128,192,22,190
192,0,0,0
130,15,1,9
192,0,0,16
128,12,29,30
0,0,216,64
192,0,0,0
130,30,0,0
4,24,136,0
0,0,0,0
6,0,24,1
192,0,0,24
128,192,25,238
192,0,0,0
130,15,1,15
192,0,0,16
128,12,29,30
0,0,216,64
192,0,0,0
130,30,0,0
4,24,136,0
0,0,0,0
6,0,24,1
192,0,0,24
128,192,31,222
192,0,0,0
130,15,1,21
192,0,0,16
128,12,29,30
0,0,216,64
192,0,0,0
130,30,0,0
4,24,136,0
0,0,0,0
6,0,24,1
192,0,0,24
128,192,22,222
192,0,0,0
130,15,1,27
192,0,0,16
128,12,29,190
0,0,216,64
192,0,0,0
130,30,0,0
4,24,136,0
0,0,0,0
6,0,24,1
192,0,0,24
128,192,31,254
192,0,0,0
130,15,1,31
192,0,0,16
128,12,29,190
0,0,216,64
192,0,0,0
130,30,0,0
4,24,136,0
0,0,0,0
6,0,24,1
192,0,0,24
128,192,26,14
192,0,0,0
130,15,1,35
192,0,0,16
128,12,29,190
0,0,216,64
192,0,0,0
130,30,0,0
4,24,136,0
0,0,0,0
6,0,24,1
192,0,0,24
128,192,22,254
192,0,0,0
130,15,1,39
192,0,0,16
128,12,30,94
0,0,216,64
192,0,0,0
130,30,0,0
4,24,136,0
0,0,0,0
6,0,24,1
192,0,0,24
129,64,16,30
192,0,0,0
130,15,1,43
192,0,0,16
128,12,30,94
0,0,216,64
192,0,0,0
130,30,0,0
4,24,136,0
0,0,0,0
6,0,24,1
192,0,0,24
128,192,26,46
192,0,0,0
130,15,1,47
192,0,0,16
128,12,30,94
0,0,216,64
192,0,0,0
130,30,0,0
4,24,136,0
0,0,0,0
6,0,24,1
192,0,0,24
128,192,23,30
192,0,0,0
130,15,1,51
192,0,0,16
128,12,30,190
0,0,216,64
192,0,0,0
130,30,0,0
4,24,136,0
0,0,0,0
6,0,24,1
192,0,0,24
128,192,26,78
192,0,0,0
130,15,1,57
192,0,0,16
128,12,30,190
0,0,216,64
192,0,0,0
130,30,0,0
4,24,136,0
0,0,0,0
6,0,24,1
192,0,0,24
129,64,16,62
192,0,0,0
130,15,1,63
192,0,0,16
128,12,30,190
0,0,216,64
192,0,0,0
130,30,0,0
4,24,136,0
0,0,0,0
6,0,24,1
192,0,0,24
128,192,23,62
192,0,0,0
130,15,1,69
192,0,0,16
128,12,31,94
0,0,216,64
192,0,0,0
130,30,0,0
4,24,136,0
0,0,0,0
6,0,24,1
192,0,0,24
128,192,26,110
192,0,0,0
130,15,1,73
192,0,0,16
128,12,31,94
0,0,216,64
192,0,0,0
130,30,0,0
4,24,136,0
0,0,0,0
6,0,24,1
192,0,0,24
128,192,23,94
192,0,0,0
130,15,1,77
192,0,0,16
128,12,31,94
0,0,216,64
192,0,0,0
130,30,0,0
4,24,136,0
0,0,0,0
6,0,24,1
192,0,0,24
129,64,16,94
192,0,0,0
130,15,1,81
192,0,0,16
128,12,31,254
0,0,216,64
192,0,0,0
130,30,0,0
4,24,136,0
0,0,0,0
6,0,24,1
192,0,0,24
129,64,16,126
192,0,0,0
130,15,1,85
192,0,0,16
128,12,31,254
0,0,216,64
192,0,0,0
130,30,0,0
4,24,136,0
0,0,0,0
6,0,24,1
192,0,0,24
128,192,26,142
192,0,0,0
130,15,1,89
192,0,0,16
128,12,31,254
0,0,216,64
192,0,0,0
130,30,0,0
4,24,136,0
0,0,0,0
6,0,24,1
192,0,0,24
128,192,23,126
192,0,0,0
130,15,1,93
192,0,0,16
128,140,16,94
0,0,216,64
192,0,0,0
130,30,0,0
4,24,136,0
0,0,0,0
6,0,24,1
192,0,0,24
128,192,26,174
192,0,0,0
130,15,1,99
192,0,0,16
128,140,16,94
0,0,216,64
192,0,0,0
130,30,0,0
4,24,136,0
0,0,0,0
6,0,24,1
192,0,0,24
129,64,16,158
192,0,0,0
130,15,1,105
192,0,0,16
128,140,16,94
0,0,216,64
192,0,0,0
130,30,0,0
4,24,136,0
0,0,0,0
6,0,24,1
192,0,0,24
128,192,23,158
192,0,0,0
130,15,1,111
192,0,0,16
128,140,16,254
0,0,216,64
192,0,0,0
130,30,0,0
4,24,136,0
0,0,0,0
6,0,24,1
192,0,0,24
128,192,26,206
192,0,0,0
130,15,1,115
192,0,0,16
128,140,16,254
0,0,216,64
192,0,0,0
130,30,0,0
4,24,136,0
0,0,0,0
6,0,24,1
192,0,0,24
128,192,23,190
192,0,0,0
130,15,1,119
192,0,0,16
128,140,16,254
0,0,216,64
192,0,0,0
130,30,0,0
4,24,136,0
0,0,0,0
6,0,24,1
192,0,0,24
129,64,16,190
192,0,0,0
130,15,1,123
192,0,0,16
128,140,17,158
0,0,216,64
192,0,0,0
130,30,0,0
4,24,136,0
0,0,0,0
6,0,24,1
192,0,0,24
129,64,16,222
192,0,0,0
130,15,1,127
192,0,0,16
128,140,17,158
0,0,216,64
192,0,0,0
130,30,0,0
4,24,136,0
0,0,0,0
6,0,24,1
192,0,0,24
128,192,26,238
192,0,0,0
130,15,1,131
192,0,0,16
128,140,17,158
0,0,216,64
192,0,0,0
130,30,0,0
4,24,136,0
0,0,0,0
6,0,24,1
192,0,0,24
128,192,23,222
192,0,0,0
130,15,1,135
192,0,0,16
128,140,17,254
0,0,216,64
192,0,0,0
130,30,0,0
4,24,136,0
0,0,0,0
6,0,24,1
192,0,0,24
129,64,16,254
192,0,0,0
130,15,1,141
192,0,0,16
128,140,17,254
0,0,216,64
192,0,0,0
130,30,0,0
4,24,136,0
0,0,0,0
6,0,24,1
192,0,0,24
128,192,23,254
192,0,0,0
130,15,1,147
192,0,0,16
128,140,17,254
0,0,216,64
192,0,0,0
130,30,0,0
4,24,136,0
0,0,0,0
6,0,24,1
192,0,0,24
128,192,27,14
192,0,0,0
130,15,1,153
192,0,0,16
128,140,18,158
0,0,216,64
192,0,0,0
130,30,0,0
4,24,136,0
0,0,0,0
6,0,24,1
192,0,0,24
129,64,17,30
192,0,0,0
130,15,1,157
192,0,0,16
128,140,18,158
0,0,216,64
192,0,0,0
130,30,0,0
4,24,136,0
0,0,0,0
6,0,24,1
192,0,0,24
128,192,24,30
192,0,0,0
130,15,1,161
192,0,0,16
128,140,18,158
0,0,216,64
192,0,0,0
130,30,0,0
4,24,136,0
0,0,0,0
6,0,24,1
192,0,0,24
128,192,27,46
192,0,0,0
130,15,1,165
192,0,0,16
128,140,19,62
0,0,216,64
192,0,0,0
130,30,0,0
4,24,136,0
0,0,0,0
6,0,24,1
192,0,0,24
128,192,24,62
192,0,0,0
130,15,1,169
192,0,0,16
128,140,19,62
0,0,216,64
192,0,0,0
130,30,0,0
4,24,136,0
0,0,0,0
6,0,24,1
192,0,0,24
129,64,17,62
192,0,0,0
130,15,1,173
192,0,0,16
128,140,19,62
0,0,216,64
192,0,0,0
130,30,0,0
4,24,136,0
0,0,0,0
6,0,24,1
192,0,0,24
128,192,27,78
192,0,0,0
130,15,1,177
192,0,0,16
128,140,19,158
0,0,216,64
192,0,0,0
130,30,0,0
4,24,136,0
0,0,0,0
6,0,24,1
192,0,0,24
129,64,17,94
192,0,0,0
130,15,1,183
192,0,0,16
128,140,19,158
0,0,216,64
192,0,0,0
130,30,0,0
4,24,136,0
0,0,0,0
6,0,24,1
192,0,0,24
128,192,24,94
192,0,0,0
130,15,1,189
192,0,0,16
128,140,19,158
0,0,216,64
192,0,0,0
130,30,0,0
4,24,136,0
0,0,0,0
6,0,24,1
192,0,0,24
128,192,27,110
192,0,0,0
130,15,1,195
192,0,0,16
128,140,20,62
0,0,216,64
192,0,0,0
130,30,0,0
4,24,136,0
0,0,0,0
6,0,24,1
192,0,0,24
128,192,24,126
192,0,0,0
130,15,1,199
192,0,0,16
128,140,20,62
0,0,216,64
192,0,0,0
130,30,0,0
4,24,136,0
0,0,0,0
6,0,24,1
192,0,0,24
128,192,27,142
192,0,0,0
130,15,1,203
192,0,0,16
128,140,20,62
0,0,216,64
192,0,0,0
130,30,0,0
4,24,136,0
0,0,0,0
6,0,24,1
192,0,0,24
129,64,17,126
192,0,0,0
130,15,1,207
192,0,0,16
128,140,20,222
0,0,216,64
192,0,0,0
130,30,0,0
4,24,136,0
0,0,0,0
6,0,24,1
192,0,0,24
128,192,27,174
192,0,0,0
130,15,1,211
192,0,0,16
128,140,20,222
0,0,216,64
192,0,0,0
130,30,0,0
4,24,136,0
0,0,0,0
6,0,24,1
192,0,0,24
129,64,17,158
192,0,0,0
130,15,1,215
192,0,0,16
128,140,20,222
0,0,216,64
192,0,0,0
130,30,0,0
4,24,136,0
0,0,0,0
6,0,24,1
192,0,0,24
128,192,24,158
192,0,0,0
130,15,1,219
192,0,0,16
128,140,21,62
0,0,216,64
192,0,0,0
130,30,0,0
4,24,136,0
0,0,0,0
6,0,24,1
192,0,0,24
129,64,17,190
192,0,0,0
130,15,1,225
192,0,0,16
128,140,21,62
0,0,216,64
192,0,0,0
130,30,0,0
4,24,136,0
0,0,0,0
6,0,24,1
192,0,0,24
128,192,27,206
192,0,0,0
130,15,1,231
192,0,0,16
128,140,21,62
0,0,216,64
192,0,0,0
130,30,0,0
4,24,136,0
0,0,0,0
6,0,24,1
192,0,0,24
128,192,24,190
192,0,0,24
128,32,153,110
10,35,0,7
48,133,128,0
192,0,0,24
128,160,149,222
0,0,0,0
43,35,0,7
192,0,0,24
128,160,149,238
10,35,0,7
58,33,220,220
192,0,0,16
128,204,24,222
11,35,0,7
192,0,0,24
128,32,153,206
10,35,0,8
48,133,128,0
192,0,0,24
128,160,149,254
0,0,0,0
43,35,0,8
192,0,0,24
128,160,150,14
10,35,0,8
58,33,220,220
192,0,0,16
128,204,24,254
11,35,0,8
192,0,0,24
128,32,154,110
10,35,0,9
48,133,128,0
192,0,0,24
128,160,150,30
0,0,0,0
43,35,0,9
192,0,0,24
128,160,150,46
10,35,0,9
58,33,220,220
192,0,0,16
128,204,25,30
11,35,0,9
192,0,0,24
128,32,154,206
10,35,0,10
48,133,128,0
192,0,0,24
128,160,150,62
0,0,0,0
43,35,0,10
192,0,0,24
128,160,150,78
10,35,0,10
58,33,220,220
192,0,0,16
128,204,25,62
11,35,0,10
192,0,0,24
128,32,155,110
10,35,0,11
48,133,128,0
192,0,0,24
128,160,150,94
0,0,0,0
43,35,0,11
192,0,0,24
128,160,150,110
10,35,0,11
58,33,220,220
192,0,0,16
128,204,25,94
11,35,0,11
192,0,0,24
128,32,156,14
10,35,0,12
48,133,128,0
192,0,0,24
128,160,150,126
0,0,0,0
43,35,0,12
192,0,0,24
128,160,150,142
10,35,0,12
58,33,220,220
192,0,0,16
128,204,25,126
11,35,0,12
192,0,0,24
128,32,156,62
10,35,0,13
48,133,128,0
192,0,0,24
128,160,150,158
0,0,0,0
43,35,0,13
192,0,0,24
128,160,150,174
10,35,0,13
58,33,220,220
192,0,0,16
128,204,25,158
11,35,0,13
192,0,0,24
128,32,157,14
10,35,0,14
48,133,128,0
192,0,0,24
128,160,150,190
0,0,0,0
43,35,0,14
192,0,0,24
128,160,150,206
10,35,0,14
58,33,220,220
192,0,0,16
128,204,25,190
11,35,0,14
192,0,0,24
128,32,157,174
10,35,0,15
48,133,128,0
192,0,0,24
128,160,150,222
0,0,0,0
43,35,0,15
192,0,0,24
128,160,150,238
10,35,0,15
58,33,220,220
192,0,0,16
128,204,25,222
11,35,0,15
192,0,0,24
128,32,158,78
10,35,0,16
48,133,128,0
192,0,0,24
128,160,150,254
0,0,0,0
43,35,0,16
192,0,0,24
128,160,151,14
10,35,0,16
58,33,220,220
192,0,0,16
128,204,25,254
11,35,0,16
192,0,0,24
128,32,158,174
10,35,0,17
48,133,128,0
192,0,0,24
128,160,151,30
0,0,0,0
43,35,0,17
192,0,0,24
128,160,151,46
10,35,0,17
58,33,220,220
192,0,0,16
128,204,26,30
11,35,0,17
192,0,0,24
128,32,159,78
10,35,0,18
48,133,128,0
192,0,0,24
128,160,151,62
0,0,0,0
43,35,0,18
192,0,0,24
128,160,151,78
10,35,0,18
58,33,220,220
192,0,0,16
128,204,26,62
11,35,0,18
192,0,0,24
128,32,159,190
10,35,0,19
48,133,128,0
192,0,0,24
128,160,151,94
0,0,0,0
43,35,0,19
192,0,0,24
128,160,151,110
10,35,0,19
58,33,220,220
192,0,0,16
128,204,26,94
11,35,0,19
192,0,0,24
128,160,144,78
10,35,0,20
48,133,128,0
192,0,0,24
128,160,151,126
0,0,0,0
43,35,0,20
192,0,0,24
128,160,151,142
10,35,0,20
58,33,220,220
192,0,0,16
128,204,26,126
11,35,0,20
192,0,0,24
128,160,144,238
10,35,0,21
48,133,128,0
192,0,0,24
128,160,151,158
0,0,0,0
43,35,0,21
192,0,0,24
128,160,151,174
10,35,0,21
58,33,220,220
192,0,0,16
128,204,26,158
11,35,0,21
192,0,0,24
128,160,145,94
10,35,0,22
48,133,128,0
192,0,0,24
128,160,151,190
0,0,0,0
43,35,0,22
192,0,0,24
128,160,151,206
10,35,0,22
58,33,220,220
192,0,0,16
128,204,26,190
11,35,0,22
192,0,0,24
128,160,145,238
10,35,0,23
48,133,128,0
192,0,0,24
128,160,151,222
0,0,0,0
43,35,0,23
192,0,0,24
128,160,151,238
10,35,0,23
58,33,220,220
192,0,0,16
128,204,26,222
11,35,0,23
192,0,0,24
128,160,146,78
10,35,0,24
48,133,128,0
192,0,0,24
128,160,151,254
0,0,0,0
43,35,0,24
192,0,0,24
128,160,152,14
10,35,0,24
58,33,220,220
192,0,0,16
128,204,26,254
11,35,0,24
192,0,0,24
128,160,146,238
10,35,0,25
48,133,128,0
192,0,0,24
128,160,152,30
0,0,0,0
43,35,0,25
192,0,0,24
128,160,152,46
10,35,0,25
58,33,220,220
192,0,0,16
128,204,27,30
11,35,0,25
192,0,0,24
128,160,147,94
10,35,0,26
48,133,128,0
192,0,0,24
128,160,152,62
0,0,0,0
43,35,0,26
192,0,0,24
128,160,152,78
10,35,0,26
58,33,220,220
192,0,0,16
128,204,27,62
11,35,0,26
192,0,0,24
128,160,147,238
10,35,0,27
48,133,128,0
192,0,0,24
128,160,152,94
0,0,0,0
43,35,0,27
192,0,0,24
128,160,152,110
10,35,0,27
58,33,220,220
192,0,0,16
128,204,27,94
11,35,0,27
192,0,0,24
128,160,148,94
10,35,0,28
48,133,128,0
192,0,0,24
128,160,152,126
0,0,0,0
43,35,0,28
192,0,0,24
128,160,152,142
10,35,0,28
58,33,220,220
192,0,0,16
128,204,27,126
11,35,0,28
192,0,0,24
128,160,149,46
10,35,0,29
48,133,128,0
192,0,0,24
128,160,152,158
0,0,0,0
43,35,0,29
192,0,0,24
128,160,152,174
10,35,0,29
58,33,220,220
192,0,0,16
128,204,27,158
11,35,0,29
192,0,0,24
128,160,149,206
10,35,0,30
48,133,128,0
192,0,0,24
128,160,152,190
0,0,0,0
43,35,0,30
192,0,0,24
128,160,152,206
10,35,0,30
58,33,220,220
192,0,0,16
128,204,27,190
11,35,0,30
192,0,0,16
128,140,24,222
192,0,0,16
128,140,152,238
0,136,16,16
192,0,0,16
128,13,25,110
192,0,0,16
128,13,153,94
0,32,4,67
192,0,0,16
128,205,27,222
192,0,0,16
128,140,24,254
192,0,0,16
128,140,153,14
0,136,16,16
192,0,0,16
128,13,25,206
192,0,0,16
128,13,153,142
0,32,4,67
192,0,0,16
128,205,27,238
192,0,0,16
128,140,25,30
192,0,0,16
128,140,153,46
0,136,16,16
192,0,0,16
128,13,26,110
192,0,0,16
128,13,153,238
0,32,4,67
192,0,0,16
128,205,27,254
192,0,0,16
128,140,25,62
192,0,0,16
128,140,153,78
0,136,16,16
192,0,0,16
128,13,26,206
192,0,0,16
128,13,154,190
0,32,4,67
192,0,0,16
128,205,28,14
192,0,0,16
128,140,25,94
192,0,0,16
128,140,153,110
0,136,16,16
192,0,0,16
128,13,27,110
192,0,0,16
128,13,155,46
0,32,4,67
192,0,0,16
128,205,28,30
192,0,0,16
128,140,25,126
192,0,0,16
128,140,153,142
0,136,16,16
192,0,0,16
128,13,28,14
192,0,0,16
128,13,155,142
0,32,4,67
192,0,0,16
128,205,28,46
192,0,0,16
128,140,25,158
192,0,0,16
128,140,153,174
0,136,16,16
192,0,0,16
128,13,28,62
192,0,0,16
128,13,156,46
0,32,4,67
192,0,0,16
128,205,28,62
192,0,0,16
128,140,25,190
192,0,0,16
128,140,153,206
0,136,16,16
192,0,0,16
128,13,29,14
192,0,0,16
128,13,156,238
0,32,4,67
192,0,0,16
128,205,28,78
192,0,0,16
128,140,25,222
192,0,0,16
128,140,153,238
0,136,16,16
192,0,0,16
128,13,29,174
192,0,0,16
128,13,157,110
0,32,4,67
192,0,0,16
128,205,28,94
192,0,0,16
128,140,25,254
192,0,0,16
128,140,154,14
0,136,16,16
192,0,0,16
128,13,30,78
192,0,0,16
128,13,158,62
0,32,4,67
192,0,0,16
128,205,28,110
192,0,0,16
128,140,26,30
192,0,0,16
128,140,154,46
0,136,16,16
192,0,0,16
128,13,30,174
192,0,0,16
128,13,158,110
0,32,4,67
192,0,0,16
128,205,28,126
192,0,0,16
128,140,26,62
192,0,0,16
128,140,154,78
0,136,16,16
192,0,0,16
128,13,31,78
192,0,0,16
128,13,159,14
0,32,4,67
192,0,0,16
128,205,28,142
192,0,0,16
128,140,26,94
192,0,0,16
128,140,154,110
0,136,16,16
192,0,0,16
128,13,31,190
192,0,0,16
128,13,159,174
0,32,4,67
192,0,0,16
128,205,28,158
192,0,0,16
128,140,26,126
192,0,0,16
128,140,154,142
0,136,16,16
192,0,0,16
128,141,16,78
192,0,0,16
128,141,144,14
0,32,4,67
192,0,0,16
128,205,28,174
192,0,0,16
128,140,26,158
192,0,0,16
128,140,154,174
0,136,16,16
192,0,0,16
128,141,16,238
192,0,0,16
128,141,144,174
0,32,4,67
192,0,0,16
128,205,28,190
192,0,0,16
128,140,26,190
192,0,0,16
128,140,154,206
0,136,16,16
192,0,0,16
128,141,17,94
192,0,0,16
128,141,145,78
0,32,4,67
192,0,0,16
128,205,28,206
192,0,0,16
128,140,26,222
192,0,0,16
128,140,154,238
0,136,16,16
192,0,0,16
128,141,17,238
192,0,0,16
128,141,145,174
0,32,4,67
192,0,0,16
128,205,28,222
192,0,0,16
128,140,26,254
192,0,0,16
128,140,155,14
0,136,16,16
192,0,0,16
128,141,18,78
192,0,0,16
128,141,146,14
0,32,4,67
192,0,0,16
128,205,28,238
192,0,0,16
128,140,27,30
192,0,0,16
128,140,155,46
0,136,16,16
192,0,0,16
128,141,18,238
192,0,0,16
128,141,146,222
0,32,4,67
192,0,0,16
128,205,28,254
192,0,0,16
128,140,27,62
192,0,0,16
128,140,155,78
0,136,16,16
192,0,0,16
128,141,19,94
192,0,0,16
128,141,147,78
0,32,4,67
192,0,0,16
128,205,29,14
192,0,0,16
128,140,27,94
192,0,0,16
128,140,155,110
0,136,16,16
192,0,0,16
128,141,19,238
192,0,0,16
128,141,147,174
0,32,4,67
192,0,0,16
128,205,29,30
192,0,0,16
128,140,27,126
192,0,0,16
128,140,155,142
0,136,16,16
192,0,0,16
128,141,20,94
192,0,0,16
128,141,148,78
0,32,4,67
192,0,0,16
128,205,29,46
192,0,0,16
128,140,27,158
192,0,0,16
128,140,155,174
0,136,16,16
192,0,0,16
128,141,21,46
192,0,0,16
128,141,149,14
0,32,4,67
192,0,0,16
128,205,29,62
192,0,0,16
128,140,27,190
192,0,0,16
128,140,155,206
0,136,16,16
192,0,0,16
128,141,21,206
192,0,0,16
128,141,149,78
0,32,4,67
192,0,0,16
128,205,29,78
192,0,0,16
128,140,24,222
192,0,0,16
128,140,152,238
11,33,253,96
11,37,253,100
0,0,0,0
0,0,0,0
0,0,0,0
0,0,192,14
0,0,200,30
0,0,208,46
192,0,60,0
128,0,2,30
0,0,0,0
192,0,10,0
136,0,253,104
192,0,0,16
128,140,24,254
192,0,0,16
128,140,153,14
11,33,253,96
11,37,253,100
0,0,0,0
0,0,0,0
0,0,0,0
0,0,192,14
0,0,200,30
0,0,208,46
192,0,60,0
128,0,2,32
0,0,0,0
192,0,10,0
136,0,253,104
192,0,0,16
128,140,25,30
192,0,0,16
128,140,153,46
11,33,253,96
11,37,253,100
0,0,0,0
0,0,0,0
0,0,0,0
0,0,192,14
0,0,200,30
0,0,208,46
192,0,60,0
128,0,2,34
0,0,0,0
192,0,10,0
136,0,253,104
192,0,0,16
128,140,25,62
192,0,0,16
128,140,153,78
11,33,253,96
11,37,253,100
0,0,0,0
0,0,0,0
0,0,0,0
0,0,192,14
0,0,200,30
0,0,208,46
192,0,60,0
128,0,2,36
0,0,0,0
192,0,10,0
136,0,253,104
192,0,0,16
128,140,25,94
192,0,0,16
128,140,153,110
11,33,253,96
11,37,253,100
0,0,0,0
0,0,0,0
0,0,0,0
0,0,192,14
0,0,200,30
0,0,208,46
192,0,60,0
128,0,2,38
0,0,0,0
192,0,10,0
136,0,253,104
192,0,0,16
128,140,25,126
192,0,0,16
128,140,153,142
11,33,253,96
11,37,253,100
0,0,0,0
0,0,0,0
0,0,0,0
0,0,192,14
0,0,200,30
0,0,208,46
192,0,60,0
128,0,2,40
0,0,0,0
192,0,10,0
136,0,253,104
192,0,0,16
128,140,25,158
192,0,0,16
128,140,153,174
11,33,253,96
11,37,253,100
0,0,0,0
0,0,0,0
0,0,0,0
0,0,192,14
0,0,200,30
0,0,208,46
192,0,60,0
128,0,2,42
0,0,0,0
192,0,10,0
136,0,253,104
192,0,0,16
128,140,25,190
192,0,0,16
128,140,153,206
11,33,253,96
11,37,253,100
0,0,0,0
0,0,0,0
0,0,0,0
0,0,192,14
0,0,200,30
0,0,208,46
192,0,60,0
128,0,2,44
0,0,0,0
192,0,10,0
136,0,253,104
192,0,0,16
128,140,25,222
192,0,0,16
128,140,153,238
11,33,253,96
11,37,253,100
0,0,0,0
0,0,0,0
0,0,0,0
0,0,192,14
0,0,200,30
0,0,208,46
192,0,60,0
128,0,2,46
0,0,0,0
192,0,10,0
136,0,253,104
192,0,0,16
128,140,25,254
192,0,0,16
128,140,154,14
11,33,253,96
11,37,253,100
0,0,0,0
0,0,0,0
0,0,0,0
0,0,192,14
0,0,200,30
0,0,208,46
192,0,60,0
128,0,2,48
0,0,0,0
192,0,10,0
136,0,253,104
192,0,0,16
128,140,26,30
192,0,0,16
128,140,154,46
11,33,253,96
11,37,253,100
0,0,0,0
0,0,0,0
0,0,0,0
0,0,192,14
0,0,200,30
0,0,208,46
192,0,60,0
128,0,2,50
0,0,0,0
192,0,10,0
136,0,253,104
192,0,0,16
128,140,26,62
192,0,0,16
128,140,154,78
11,33,253,96
11,37,253,100
0,0,0,0
0,0,0,0
0,0,0,0
0,0,192,14
0,0,200,30
0,0,208,46
192,0,60,0
128,0,2,52
0,0,0,0
192,0,10,0
136,0,253,104
192,0,0,16
128,140,26,94
192,0,0,16
128,140,154,110
11,33,253,96
11,37,253,100
0,0,0,0
0,0,0,0
0,0,0,0
0,0,192,14
0,0,200,30
0,0,208,46
192,0,60,0
128,0,2,54
0,0,0,0
192,0,10,0
136,0,253,104
192,0,0,16
128,140,26,126
192,0,0,16
128,140,154,142
11,33,253,96
11,37,253,100
0,0,0,0
0,0,0,0
0,0,0,0
0,0,192,14
0,0,200,30
0,0,208,46
192,0,60,0
128,0,2,56
0,0,0,0
192,0,10,0
136,0,253,104
192,0,0,16
128,140,26,158
192,0,0,16
128,140,154,174
11,33,253,96
11,37,253,100
0,0,0,0
0,0,0,0
0,0,0,0
0,0,192,14
0,0,200,30
0,0,208,46
192,0,60,0
128,0,2,58
0,0,0,0
192,0,10,0
136,0,253,104
192,0,0,16
128,140,26,190
192,0,0,16
128,140,154,206
11,33,253,96
11,37,253,100
0,0,0,0
0,0,0,0
0,0,0,0
0,0,192,14
0,0,200,30
0,0,208,46
192,0,60,0
128,0,2,60
0,0,0,0
192,0,10,0
136,0,253,104
192,0,0,16
128,140,26,222
192,0,0,16
128,140,154,238
11,33,253,96
11,37,253,100
0,0,0,0
0,0,0,0
0,0,0,0
0,0,192,14
0,0,200,30
0,0,208,46
192,0,60,0
128,0,2,62
0,0,0,0
192,0,10,0
136,0,253,104
192,0,0,16
128,140,26,254
192,0,0,16
128,140,155,14
11,33,253,96
11,37,253,100
0,0,0,0
0,0,0,0
0,0,0,0
0,0,192,14
0,0,200,30
0,0,208,46
192,0,60,0
128,0,2,64
0,0,0,0
192,0,10,0
136,0,253,104
192,0,0,16
128,140,27,30
192,0,0,16
128,140,155,46
11,33,253,96
11,37,253,100
0,0,0,0
0,0,0,0
0,0,0,0
0,0,192,14
0,0,200,30
0,0,208,46
192,0,60,0
128,0,2,66
0,0,0,0
192,0,10,0
136,0,253,104
192,0,0,16
128,140,27,62
192,0,0,16
128,140,155,78
11,33,253,96
11,37,253,100
0,0,0,0
0,0,0,0
0,0,0,0
0,0,192,14
0,0,200,30
0,0,208,46
192,0,60,0
128,0,2,68
0,0,0,0
192,0,10,0
136,0,253,104
192,0,0,16
128,140,27,94
192,0,0,16
128,140,155,110
11,33,253,96
11,37,253,100
0,0,0,0
0,0,0,0
0,0,0,0
0,0,192,14
0,0,200,30
0,0,208,46
192,0,60,0
128,0,2,70
0,0,0,0
192,0,10,0
136,0,253,104
192,0,0,16
128,140,27,126
192,0,0,16
128,140,155,142
11,33,253,96
11,37,253,100
0,0,0,0
0,0,0,0
0,0,0,0
0,0,192,14
0,0,200,30
0,0,208,46
192,0,60,0
128,0,2,72
0,0,0,0
192,0,10,0
136,0,253,104
192,0,0,16
128,140,27,158
192,0,0,16
128,140,155,174
11,33,253,96
11,37,253,100
0,0,0,0
0,0,0,0
0,0,0,0
0,0,192,14
0,0,200,30
0,0,208,46
192,0,60,0
128,0,2,74
0,0,0,0
192,0,10,0
136,0,253,104
192,0,0,16
128,140,27,190
192,0,0,16
128,140,155,206
11,33,253,96
11,37,253,100
0,0,0,0
0,0,0,0
0,0,0,0
0,0,192,14
0,0,200,30
0,0,208,46
192,0,60,0
128,0,2,76
0,0,0,0
192,0,10,0
136,0,253,104
192,0,0,16
128,140,27,222
5,44,20,94
0,132,0,8
192,0,0,16
128,204,29,94
192,0,0,16
128,140,27,238
5,44,20,142
0,132,0,8
192,0,0,16
128,204,29,110
192,0,0,16
128,140,27,254
5,44,20,190
0,132,0,8
192,0,0,16
128,204,29,126
192,0,0,16
128,140,28,14
5,44,20,238
0,132,0,8
192,0,0,16
128,204,29,142
192,0,0,16
128,140,28,30
5,44,21,30
0,132,0,8
192,0,0,16
128,204,29,158
192,0,0,16
128,140,28,46
5,44,21,78
0,132,0,8
192,0,0,16
128,204,29,174
192,0,0,16
128,140,28,62
5,44,21,126
0,132,0,8
192,0,0,16
128,204,29,190
192,0,0,16
128,140,28,78
5,44,21,174
0,132,0,8
192,0,0,16
128,204,29,206
192,0,0,16
128,140,28,94
5,44,21,222
0,132,0,8
192,0,0,16
128,204,29,222
192,0,0,16
128,140,28,110
5,44,22,14
0,132,0,8
192,0,0,16
128,204,29,238
192,0,0,16
128,140,28,126
5,44,22,62
0,132,0,8
192,0,0,16
128,204,29,254
192,0,0,16
128,140,28,142
5,44,22,110
0,132,0,8
192,0,0,16
128,204,30,14
192,0,0,16
128,140,28,158
5,44,22,158
0,132,0,8
192,0,0,16
128,204,30,30
192,0,0,16
128,140,28,174
5,44,22,206
0,132,0,8
192,0,0,16
128,204,30,46
192,0,0,16
128,140,28,190
5,44,22,254
0,132,0,8
192,0,0,16
128,204,30,62
192,0,0,16
128,140,28,206
5,44,23,46
0,132,0,8
192,0,0,16
128,204,30,78
192,0,0,16
128,140,28,222
5,44,23,94
0,132,0,8
192,0,0,16
128,204,30,94
192,0,0,16
128,140,28,238
5,44,23,142
0,132,0,8
192,0,0,16
128,204,30,110
192,0,0,16
128,140,28,254
5,44,23,190
0,132,0,8
192,0,0,16
128,204,30,126
192,0,0,16
128,140,29,14
5,44,23,238
0,132,0,8
192,0,0,16
128,204,30,142
192,0,0,16
128,140,29,30
192,0,0,16
128,44,24,30
0,132,0,8
192,0,0,16
128,204,30,158
192,0,0,16
128,140,29,46
192,0,0,16
128,44,24,78
0,132,0,8
192,0,0,16
128,204,30,174
192,0,0,16
128,140,29,62
192,0,0,16
128,44,24,126
0,132,0,8
192,0,0,16
128,204,30,190
192,0,0,16
128,140,29,78
192,0,0,16
128,44,24,174
0,132,0,8
192,0,0,16
128,204,30,206
192,0,0,24
128,160,157,94
12,1,0,31
192,0,0,24
177,0,29,254
13,1,0,31
192,0,0,24
128,192,30,238
192,0,0,24
128,160,157,110
12,1,0,32
192,0,0,24
177,0,30,30
13,1,0,32
192,0,0,24
128,192,31,14
192,0,0,24
128,160,157,126
12,1,0,33
192,0,0,24
177,0,30,62
13,1,0,33
192,0,0,24
128,192,31,46
192,0,0,24
128,160,157,142
12,1,0,34
192,0,0,24
177,0,30,94
13,1,0,34
192,0,0,24
128,192,31,78
192,0,0,24
128,160,157,158
12,1,0,35
192,0,0,24
177,0,30,126
13,1,0,35
192,0,0,24
128,192,31,110
192,0,0,24
128,160,157,174
12,1,0,36
192,0,0,24
177,0,30,158
13,1,0,36
192,0,0,24
128,192,31,142
192,0,0,24
128,160,157,190
12,1,0,37
192,0,0,24
177,0,30,190
13,1,0,37
192,0,0,24
128,192,31,174
192,0,0,24
128,160,157,206
12,1,0,38
192,0,0,24
177,0,30,222
13,1,0,38
192,0,0,24
128,192,31,206
192,0,0,24
128,160,157,222
12,1,0,39
192,0,0,24
177,0,30,254
13,1,0,39
192,0,0,24
128,192,31,238
192,0,0,24
128,160,157,238
12,1,0,40
192,0,0,24
177,0,31,30
13,1,0,40
192,0,0,24
129,64,16,14
192,0,0,24
128,160,157,254
12,1,0,41
192,0,0,24
177,0,31,62
13,1,0,41
192,0,0,24
129,64,16,46
192,0,0,24
128,160,158,14
12,1,0,42
192,0,0,24
177,0,31,94
13,1,0,42
192,0,0,24
129,64,16,78
192,0,0,24
128,160,158,30
12,1,0,43
192,0,0,24
177,0,31,126
13,1,0,43
192,0,0,24
129,64,16,110
192,0,0,24
128,160,158,46
12,1,0,44
192,0,0,24
177,0,31,158
13,1,0,44
192,0,0,24
129,64,16,142
192,0,0,24
128,160,158,62
12,1,0,45
192,0,0,24
177,0,31,190
13,1,0,45
192,0,0,24
129,64,16,174
192,0,0,24
128,160,158,78
12,1,0,46
192,0,0,24
177,0,31,222
13,1,0,46
192,0,0,24
129,64,16,206
192,0,0,24
128,160,158,94
12,1,0,47
192,0,0,24
177,0,31,254
13,1,0,47
192,0,0,24
129,64,16,238
192,0,0,24
128,160,158,110
12,1,0,48
192,0,0,24
177,128,16,30
13,1,0,48
192,0,0,24
129,64,17,14
192,0,0,24
128,160,158,126
12,1,0,49
192,0,0,24
177,128,16,62
13,1,0,49
192,0,0,24
129,64,17,46
192,0,0,24
128,160,158,142
12,1,0,50
192,0,0,24
177,128,16,94
13,1,0,50
192,0,0,24
129,64,17,78
192,0,0,24
128,160,158,158
12,1,0,51
192,0,0,24
177,128,16,126
13,1,0,51
192,0,0,24
129,64,17,110
192,0,0,24
128,160,158,174
12,1,0,52
192,0,0,24
177,128,16,158
13,1,0,52
192,0,0,24
129,64,17,142
192,0,0,24
128,160,158,190
12,1,0,53
192,0,0,24
177,128,16,190
13,1,0,53
192,0,0,24
129,64,17,174
192,0,0,24
128,160,158,206
12,1,0,54
192,0,0,24
177,128,16,222
13,1,0,54
192,0,0,24
129,64,17,206
192,0,0,16
128,140,30,222
192,0,0,16
128,140,158,238
0,132,16,1
192,0,0,16
129,76,17,222
192,0,0,16
128,140,30,254
192,0,0,16
128,140,159,14
0,132,16,1
192,0,0,16
129,76,17,254
192,0,0,16
128,140,31,30
192,0,0,16
128,140,159,46
0,132,16,1
192,0,0,16
129,76,18,30
192,0,0,16
128,140,31,62
192,0,0,16
128,140,159,78
0,132,16,1
192,0,0,16
129,76,18,62
192,0,0,16
128,140,31,94
192,0,0,16
128,140,159,110
0,132,16,1
192,0,0,16
129,76,18,94
192,0,0,16
128,140,31,126
192,0,0,16
128,140,159,142
0,132,16,1
192,0,0,16
129,76,18,126
192,0,0,16
128,140,31,158
192,0,0,16
128,140,159,174
0,132,16,1
192,0,0,16
129,76,18,158
192,0,0,16
128,140,31,190
192,0,0,16
128,140,159,206
0,132,16,1
192,0,0,16
129,76,18,190
192,0,0,16
128,140,31,222
192,0,0,16
128,140,159,238
0,132,16,1
192,0,0,16
129,76,18,222
192,0,0,16
128,140,31,254
192,0,0,16
129,12,144,14
0,132,16,1
192,0,0,16
129,76,18,254
192,0,0,16
129,12,16,30
192,0,0,16
129,12,144,46
0,132,16,1
192,0,0,16
129,76,19,30
192,0,0,16
129,12,16,62
192,0,0,16
129,12,144,78
0,132,16,1
192,0,0,16
129,76,19,62
192,0,0,16
129,12,16,94
192,0,0,16
129,12,144,110
0,132,16,1
192,0,0,16
129,76,19,94
192,0,0,16
129,12,16,126
192,0,0,16
129,12,144,142
0,132,16,1
192,0,0,16
129,76,19,126
192,0,0,16
129,12,16,158
192,0,0,16
129,12,144,174
0,132,16,1
192,0,0,16
129,76,19,158
192,0,0,16
129,12,16,190
192,0,0,16
129,12,144,206
0,132,16,1
192,0,0,16
129,76,19,190
192,0,0,16
129,12,16,222
192,0,0,16
129,12,144,238
0,132,16,1
192,0,0,16
129,76,19,222
192,0,0,16
129,12,16,254
192,0,0,16
129,12,145,14
0,132,16,1
192,0,0,16
129,76,19,254
192,0,0,16
129,12,17,30
192,0,0,16
129,12,145,46
0,132,16,1
192,0,0,16
129,76,20,30
192,0,0,16
129,12,17,62
192,0,0,16
129,12,145,78
0,132,16,1
192,0,0,16
129,76,20,62
192,0,0,16
129,12,17,94
192,0,0,16
129,12,145,110
0,132,16,1
192,0,0,16
129,76,20,94
192,0,0,16
129,12,17,126
192,0,0,16
129,12,145,142
0,132,16,1
192,0,0,16
129,76,20,126
192,0,0,16
129,12,17,158
192,0,0,16
129,12,145,174
0,132,16,1
192,0,0,16
129,76,20,158
192,0,0,16
129,12,17,190
192,0,0,16
129,12,145,206
0,132,16,1
192,0,0,16
129,76,20,190
192,0,0,16
129,12,17,222
192,0,0,24
129,0,17,238
0,4,69,0
0,0,0,0
192,0,0,16
129,76,148,222
192,0,0,16
129,12,17,254
192,0,0,24
129,0,18,14
0,4,69,0
0,0,0,0
192,0,0,16
129,76,148,238
192,0,0,16
129,12,18,30
192,0,0,24
129,0,18,46
0,4,69,0
0,0,0,0
192,0,0,16
129,76,148,254
192,0,0,16
129,12,18,62
192,0,0,24
129,0,18,78
0,4,69,0
0,0,0,0
192,0,0,16
129,76,149,14
192,0,0,16
129,12,18,94
192,0,0,24
129,0,18,110
0,4,69,0
0,0,0,0
192,0,0,16
129,76,149,30
192,0,0,16
129,12,18,126
192,0,0,24
129,0,18,142
0,4,69,0
0,0,0,0
192,0,0,16
129,76,149,46
192,0,0,16
129,12,18,158
192,0,0,24
129,0,18,174
0,4,69,0
0,0,0,0
192,0,0,16
129,76,149,62
192,0,0,16
129,12,18,190
192,0,0,24
129,0,18,206
0,4,69,0
0,0,0,0
192,0,0,16
129,76,149,78
192,0,0,16
129,12,18,222
192,0,0,24
129,0,18,238
0,4,69,0
0,0,0,0
192,0,0,16
129,76,149,94
192,0,0,16
129,12,18,254
192,0,0,24
129,0,19,14
0,4,69,0
0,0,0,0
192,0,0,16
129,76,149,110
192,0,0,16
129,12,19,30
192,0,0,24
129,0,19,46
0,4,69,0
0,0,0,0
192,0,0,16
129,76,149,126
192,0,0,16
129,12,19,62
192,0,0,24
129,0,19,78
0,4,69,0
0,0,0,0
192,0,0,16
129,76,149,142
192,0,0,16
129,12,19,94
192,0,0,24
129,0,19,110
0,4,69,0
0,0,0,0
192,0,0,16
129,76,149,158
192,0,0,16
129,12,19,126
192,0,0,24
129,0,19,142
0,4,69,0
0,0,0,0
192,0,0,16
129,76,149,174
192,0,0,16
129,12,19,158
192,0,0,24
129,0,19,174
0,4,69,0
0,0,0,0
192,0,0,16
129,76,149,190
192,0,0,16
129,12,19,190
192,0,0,24
129,0,19,206
0,4,69,0
0,0,0,0
192,0,0,16
129,76,149,206
192,0,0,16
129,12,19,222
192,0,0,24
129,0,19,238
0,4,69,0
0,0,0,0
192,0,0,16
129,76,149,222
192,0,0,16
129,12,19,254
192,0,0,24
129,0,20,14
0,4,69,0
0,0,0,0
192,0,0,16
129,76,149,238
192,0,0,16
129,12,20,30
192,0,0,24
129,0,20,46
0,4,69,0
0,0,0,0
192,0,0,16
129,76,149,254
192,0,0,16
129,12,20,62
192,0,0,24
129,0,20,78
0,4,69,0
0,0,0,0
192,0,0,16
129,76,150,14
192,0,0,16
129,12,20,94
192,0,0,24
129,0,20,110
0,4,69,0
0,0,0,0
192,0,0,16
129,76,150,30
192,0,0,16
129,12,20,126
192,0,0,24
129,0,20,142
0,4,69,0
0,0,0,0
192,0,0,16
129,76,150,46
192,0,0,16
129,12,20,158
192,0,0,24
129,0,20,174
0,4,69,0
0,0,0,0
192,0,0,16
129,76,150,62
192,0,0,16
129,12,20,190
192,0,0,24
129,0,20,206
0,4,69,0
0,0,0,0
192,0,0,16
129,76,150,78
192,0,0,16
128,140,30,238
192,0,0,16
129,44,20,222
0,132,0,8
192,0,0,16
129,76,22,110
192,0,0,16
128,140,31,14
192,0,0,16
129,44,20,238
0,132,0,8
192,0,0,16
129,76,24,110
192,0,0,16
128,140,31,46
192,0,0,16
129,44,20,254
0,132,0,8
192,0,0,16
129,76,22,142
192,0,0,16
128,140,31,78
192,0,0,16
129,44,21,14
0,132,0,8
192,0,0,16
129,76,22,174
192,0,0,16
128,140,31,110
192,0,0,16
129,44,21,30
0,132,0,8
192,0,0,16
129,76,24,142
192,0,0,16
128,140,31,142
192,0,0,16
129,44,21,46
0,132,0,8
192,0,0,16
129,76,22,206
192,0,0,16
128,140,31,174
192,0,0,16
129,44,21,62
0,132,0,8
192,0,0,16
129,76,22,238
192,0,0,16
128,140,31,206
192,0,0,16
129,44,21,78
0,132,0,8
192,0,0,16
129,76,24,174
192,0,0,16
128,140,31,238
192,0,0,16
129,44,21,94
0,132,0,8
192,0,0,16
129,76,23,14
192,0,0,16
129,12,16,14
192,0,0,16
129,44,21,110
0,132,0,8
192,0,0,16
129,76,23,46
192,0,0,16
129,12,16,46
192,0,0,16
129,44,21,126
0,132,0,8
192,0,0,16
129,76,24,206
192,0,0,16
129,12,16,78
192,0,0,16
129,44,21,142
0,132,0,8
192,0,0,16
129,76,23,78
192,0,0,16
129,12,16,110
192,0,0,16
129,44,21,158
0,132,0,8
192,0,0,16
129,76,23,110
192,0,0,16
129,12,16,142
192,0,0,16
129,44,21,174
0,132,0,8
192,0,0,16
129,76,24,238
192,0,0,16
129,12,16,174
192,0,0,16
129,44,21,190
0,132,0,8
192,0,0,16
129,76,23,142
192,0,0,16
129,12,16,206
192,0,0,16
129,44,21,206
0,132,0,8
192,0,0,16
129,76,23,174
192,0,0,16
129,12,16,238
192,0,0,16
129,44,21,222
0,132,0,8
192,0,0,16
129,76,25,14
192,0,0,16
129,12,17,14
192,0,0,16
129,44,21,238
0,132,0,8
192,0,0,16
129,76,23,206
192,0,0,16
129,12,17,46
192,0,0,16
129,44,21,254
0,132,0,8
192,0,0,16
129,76,23,238
192,0,0,16
129,12,17,78
192,0,0,16
129,44,22,14
0,132,0,8
192,0,0,16
129,76,25,46
192,0,0,16
129,12,17,110
192,0,0,16
129,44,22,30
0,132,0,8
192,0,0,16
129,76,24,14
192,0,0,16
129,12,17,142
192,0,0,16
129,44,22,46
0,132,0,8
192,0,0,16
129,76,24,46
192,0,0,16
129,12,17,174
192,0,0,16
129,44,22,62
0,132,0,8
192,0,0,16
129,76,25,78
192,0,0,16
129,12,17,206
192,0,0,16
129,44,22,78
0,132,0,8
192,0,0,16
129,76,24,78
192,0,0,16
129,12,22,94
192,0,0,24
129,0,22,110
0,4,69,0
0,0,0,0
192,0,0,16
129,76,153,110
192,0,0,16
129,12,22,126
192,0,0,24
129,0,22,142
0,4,69,0
0,0,0,0
192,0,0,16
129,76,153,238
192,0,0,16
129,12,22,158
192,0,0,24
129,0,22,174
0,4,69,0
0,0,0,0
192,0,0,16
129,76,153,126
192,0,0,16
129,12,22,190
192,0,0,24
129,0,22,206
0,4,69,0
0,0,0,0
192,0,0,16
129,76,153,254
192,0,0,16
129,12,22,222
192,0,0,24
129,0,22,238
0,4,69,0
0,0,0,0
192,0,0,16
129,76,153,142
192,0,0,16
129,12,22,254
192,0,0,24
129,0,23,14
0,4,69,0
0,0,0,0
192,0,0,16
129,76,154,14
192,0,0,16
129,12,23,30
192,0,0,24
129,0,23,46
0,4,69,0
0,0,0,0
192,0,0,16
129,76,153,158
192,0,0,16
129,12,23,62
192,0,0,24
129,0,23,78
0,4,69,0
0,0,0,0
192,0,0,16
129,76,154,30
192,0,0,16
129,12,23,94
192,0,0,24
129,0,23,110
0,4,69,0
0,0,0,0
192,0,0,16
129,76,153,174
192,0,0,16
129,12,23,126
192,0,0,24
129,0,23,142
0,4,69,0
0,0,0,0
192,0,0,16
129,76,154,46
192,0,0,16
129,12,23,158
192,0,0,24
129,0,23,174
0,4,69,0
0,0,0,0
192,0,0,16
129,76,153,190
192,0,0,16
129,12,23,190
192,0,0,24
129,0,23,206
0,4,69,0
0,0,0,0
192,0,0,16
129,76,154,62
192,0,0,16
129,12,23,222
192,0,0,24
129,0,23,238
0,4,69,0
0,0,0,0
192,0,0,16
129,76,153,206
192,0,0,16
129,12,23,254
192,0,0,24
129,0,24,14
0,4,69,0
0,0,0,0
192,0,0,16
129,76,154,78
192,0,0,16
129,12,24,30
192,0,0,24
129,0,24,46
0,4,69,0
0,0,0,0
192,0,0,16
129,76,153,222
192,0,0,16
129,12,24,62
192,0,0,24
129,0,24,78
0,4,69,0
0,0,0,0
192,0,0,16
129,76,154,94
192,0,0,16
129,12,24,94
192,0,0,24
129,0,24,110
0,4,69,0
0,0,0,0
192,0,0,16
129,76,154,110
192,0,0,16
129,12,24,126
192,0,0,24
129,0,24,142
0,4,69,0
0,0,0,0
192,0,0,16
129,76,154,142
192,0,0,16
129,12,24,158
192,0,0,24
129,0,24,174
0,4,69,0
0,0,0,0
192,0,0,16
129,76,154,174
192,0,0,16
129,12,24,190
192,0,0,24
129,0,24,206
0,4,69,0
0,0,0,0
192,0,0,16
129,76,154,206
192,0,0,16
129,12,24,222
192,0,0,24
129,0,24,238
0,4,69,0
0,0,0,0
192,0,0,16
129,76,154,238
192,0,0,16
129,12,24,254
192,0,0,24
129,0,25,14
0,4,69,0
0,0,0,0
192,0,0,16
129,76,155,14
192,0,0,16
129,12,25,30
192,0,0,24
129,0,25,46
0,4,69,0
0,0,0,0
192,0,0,16
129,76,155,46
192,0,0,16
129,12,25,62
192,0,0,24
129,0,25,78
0,4,69,0
0,0,0,0
192,0,0,16
129,76,155,78
192,0,0,16
129,12,25,94
192,0,0,24
129,0,25,110
0,4,69,0
0,0,0,0
192,0,0,16
129,76,155,142
192,0,0,16
129,12,25,94
192,0,0,24
129,0,25,126
0,4,69,0
0,0,0,0
192,0,0,16
129,76,155,190
192,0,0,16
129,12,25,94
192,0,0,24
129,0,25,142
0,4,69,0
0,0,0,0
192,0,0,16
129,76,155,238
192,0,0,16
129,12,25,94
192,0,0,24
129,0,25,158
0,4,69,0
0,0,0,0
192,0,0,16
129,76,156,30
192,0,0,16
129,12,25,94
192,0,0,24
129,0,25,174
0,4,69,0
0,0,0,0
192,0,0,16
129,76,156,78
192,0,0,16
129,12,25,94
192,0,0,24
129,0,25,190
0,4,69,0
0,0,0,0
192,0,0,16
129,76,156,126
192,0,0,16
129,12,25,94
192,0,0,24
129,0,25,206
0,4,69,0
0,0,0,0
192,0,0,16
129,76,156,174
192,0,0,16
129,12,25,94
192,0,0,24
129,0,25,222
0,4,69,0
0,0,0,0
192,0,0,16
129,76,156,222
12,64,3,9
192,0,0,24
129,0,25,238
0,4,0,128
0,0,0,0
192,0,0,16
129,76,26,126
12,64,3,10
192,0,0,24
129,0,25,254
0,4,0,128
0,0,0,0
192,0,0,16
129,76,26,158
12,64,3,11
192,0,0,24
129,0,26,14
0,4,0,128
0,0,0,0
192,0,0,16
129,76,26,190
12,64,3,12
192,0,0,24
129,0,26,30
0,4,0,128
0,0,0,0
192,0,0,16
129,76,26,222
12,64,3,13
192,0,0,24
129,0,26,46
0,4,0,128
0,0,0,0
192,0,0,16
129,76,26,254
12,64,3,14
192,0,0,24
129,0,26,62
0,4,0,128
0,0,0,0
192,0,0,16
129,76,27,30
12,64,3,15
192,0,0,24
129,0,26,78
0,4,0,128
0,0,0,0
192,0,0,16
129,76,27,62
12,64,3,16
192,0,0,24
129,0,26,94
0,4,0,128
0,0,0,0
192,0,0,16
129,76,27,94
192,0,0,16
129,12,26,110
192,0,0,24
129,0,26,126
0,4,69,0
0,0,0,0
192,0,0,16
129,76,155,110
192,0,0,16
129,12,26,142
192,0,0,24
129,0,26,158
0,4,69,0
0,0,0,0
192,0,0,16
129,76,155,158
192,0,0,16
129,12,26,174
192,0,0,24
129,0,26,190
0,4,69,0
0,0,0,0
192,0,0,16
129,76,155,206
192,0,0,16
129,12,26,206
192,0,0,24
129,0,26,222
0,4,69,0
0,0,0,0
192,0,0,16
129,76,155,254
192,0,0,16
129,12,26,238
192,0,0,24
129,0,26,254
0,4,69,0
0,0,0,0
192,0,0,16
129,76,156,46
192,0,0,16
129,12,27,14
192,0,0,24
129,0,27,30
0,4,69,0
0,0,0,0
192,0,0,16
129,76,156,94
192,0,0,16
129,12,27,46
192,0,0,24
129,0,27,62
0,4,69,0
0,0,0,0
192,0,0,16
129,76,156,142
192,0,0,16
129,12,27,78
192,0,0,24
129,0,27,94
0,4,69,0
0,0,0,0
192,0,0,16
129,76,156,190
12,64,220,48
192,0,0,24
129,16,155,142
192,0,0,24
129,17,27,126
192,0,0,24
129,128,17,14
192,0,0,16
129,13,29,206
0,16,144,80
192,0,0,16
129,44,27,110
0,66,68,72
192,0,0,16
129,76,157,222
0,132,24,129
0,6,5,8
192,0,0,16
129,236,16,254
192,0,0,16
129,204,145,30
12,64,220,48
192,0,0,24
129,16,155,190
192,0,0,24
129,17,27,174
192,0,0,24
129,128,17,62
192,0,0,16
129,13,29,174
0,16,144,80
192,0,0,16
129,44,27,158
0,66,68,72
192,0,0,16
129,76,157,190
0,132,24,129
0,6,5,8
192,0,0,16
129,236,17,46
192,0,0,16
129,204,145,78
12,64,220,48
192,0,0,24
129,16,155,238
192,0,0,24
129,17,27,222
192,0,0,24
129,128,17,110
192,0,0,16
129,13,29,142
0,16,144,80
192,0,0,16
129,44,27,206
0,66,68,72
192,0,0,16
129,76,157,158
0,132,24,129
0,6,5,8
192,0,0,16
129,236,17,94
192,0,0,16
129,204,145,126
12,64,220,48
192,0,0,24
129,16,156,30
192,0,0,24
129,17,28,14
192,0,0,24
129,128,17,158
192,0,0,16
129,13,29,110
0,16,144,80
192,0,0,16
129,44,27,254
0,66,68,72
192,0,0,16
129,76,157,126
0,132,24,129
0,6,5,8
192,0,0,16
129,236,17,142
192,0,0,16
129,204,145,174
12,64,220,48
192,0,0,24
129,16,156,78
192,0,0,24
129,17,28,62
192,0,0,24
129,128,17,206
192,0,0,16
129,13,29,78
0,16,144,80
192,0,0,16
129,44,28,46
0,66,68,72
192,0,0,16
129,76,157,94
0,132,24,129
0,6,5,8
192,0,0,16
129,236,17,190
192,0,0,16
129,204,145,222
12,64,220,48
192,0,0,24
129,16,156,126
192,0,0,24
129,17,28,110
192,0,0,24
129,128,17,254
192,0,0,16
129,13,29,46
0,16,144,80
192,0,0,16
129,44,28,94
0,66,68,72
192,0,0,16
129,76,157,62
0,132,24,129
0,6,5,8
192,0,0,16
129,236,17,238
192,0,0,16
129,204,146,14
12,64,220,48
192,0,0,24
129,16,156,174
192,0,0,24
129,17,28,158
192,0,0,24
129,128,18,78
192,0,0,16
129,141,18,30
0,16,144,80
192,0,0,16
129,44,28,142
0,66,68,72
192,0,0,16
129,204,146,46
0,132,24,129
0,6,5,8
192,0,0,16
129,236,18,62
192,0,0,16
129,204,146,94
12,64,220,48
192,0,0,24
129,16,156,222
192,0,0,24
129,17,28,206
192,0,0,24
129,128,18,126
192,0,0,16
129,13,29,14
0,16,144,80
192,0,0,16
129,44,28,190
0,66,68,72
192,0,0,16
129,76,157,30
0,132,24,129
0,6,5,8
192,0,0,16
129,236,18,110
192,0,0,16
129,204,146,142
192,0,0,0
130,15,1,237
192,0,0,24
129,16,28,238
192,0,0,24
129,16,156,254
192,0,0,24
129,17,29,30
192,0,0,24
129,17,157,30
6,12,64,64
224,56,128,6
128,0,1,4
192,0,0,24
129,16,29,62
192,0,0,24
129,16,157,94
192,0,0,24
129,17,29,126
192,0,0,24
129,17,157,158
224,56,128,2
128,0,1,4
192,0,0,24
129,16,29,190
192,0,0,24
129,16,157,222
224,32,164,1
128,0,1,2
0,132,1,16
192,0,0,16
129,76,157,238
192,0,0,24
129,0,29,238
13,0,252,192
192,0,0,24
129,0,29,238
13,0,252,193
192,0,0,16
128,140,27,222
5,76,20,126
192,0,0,16
128,140,27,238
5,76,20,174
192,0,0,16
128,140,27,254
5,76,20,222
192,0,0,16
128,140,28,14
5,76,21,14
192,0,0,16
128,140,28,30
5,76,21,62
192,0,0,16
128,140,28,46
5,76,21,110
192,0,0,16
128,140,28,62
5,76,21,158
192,0,0,16
128,140,28,78
5,76,21,206
192,0,0,16
128,140,28,94
5,76,21,254
192,0,0,16
128,140,28,110
5,76,22,46
192,0,0,16
128,140,28,126
5,76,22,94
192,0,0,16
128,140,28,142
5,76,22,142
192,0,0,16
128,140,28,158
5,76,22,190
192,0,0,16
128,140,28,174
5,76,22,238
192,0,0,16
128,140,28,190
5,76,23,30
192,0,0,16
128,140,28,206
5,76,23,78
192,0,0,16
128,140,28,222
5,76,23,126
192,0,0,16
128,140,28,238
5,76,23,174
192,0,0,16
128,140,28,254
5,76,23,222
192,0,0,16
128,140,29,14
192,0,0,16
128,76,24,14
192,0,0,16
128,140,29,30
192,0,0,16
128,76,24,62
192,0,0,16
128,140,29,46
192,0,0,16
128,76,24,110
192,0,0,16
128,140,29,62
192,0,0,16
128,76,24,158
192,0,0,16
128,140,29,78
192,0,0,16
128,76,24,206
192,0,0,16
129,12,22,110
192,0,0,16
129,76,30,14
192,0,0,16
129,12,24,110
192,0,0,16
129,76,30,46
192,0,0,16
129,12,22,142
192,0,0,16
129,76,30,78
192,0,0,16
129,12,22,174
192,0,0,16
129,76,30,110
192,0,0,16
129,12,24,142
192,0,0,16
129,76,30,142
192,0,0,16
129,12,22,206
192,0,0,16
129,76,30,174
192,0,0,16
129,12,22,238
192,0,0,16
129,76,30,206
192,0,0,16
129,12,24,174
192,0,0,16
129,76,30,238
192,0,0,16
129,12,23,14
192,0,0,16
129,76,31,14
192,0,0,16
129,12,23,46
192,0,0,16
129,76,31,46
192,0,0,16
129,12,24,206
192,0,0,16
129,76,31,78
192,0,0,16
129,12,23,78
192,0,0,16
129,76,31,110
192,0,0,16
129,12,23,110
192,0,0,16
129,76,31,142
192,0,0,16
129,12,24,238
192,0,0,16
129,76,31,174
192,0,0,16
129,12,23,142
192,0,0,16
129,76,31,206
192,0,0,16
129,12,23,174
192,0,0,16
129,76,31,238
192,0,0,16
129,12,25,14
192,0,0,16
129,204,16,14
192,0,0,16
129,12,23,206
192,0,0,16
129,204,16,46
192,0,0,16
129,12,23,238
192,0,0,16
129,204,16,78
192,0,0,16
129,12,25,46
192,0,0,16
129,204,16,110
192,0,0,16
129,12,24,14
192,0,0,16
129,204,16,142
192,0,0,16
129,12,24,46
192,0,0,16
129,204,16,174
192,0,0,16
129,12,25,78
192,0,0,16
129,204,16,206
192,0,0,16
129,12,24,78
192,0,0,16
129,204,16,238
8,156,0,16
0,0,0,0
0,0,46,1
0,0,0,0
9,156,0,16
0,0,0,2
12,16,244,96
2,194,0,0
0,0,0,0
0,0,0,0
3158
0,0
0,0,0,0
0,0,0,0
0,0,0,0
0,0,0,0
0,0,0,0
0,0,0,0
0,0,0,0
0,0,0,0
0,0,0,0
0,0,0,0
0,0,0,0
0,0,0,0
0,0,0,0
0,0,0,0
0,0,0,0
0,0,0,0
0,0,0,56
0,0,0,56
0,0,3,44
0,0,0,0
1,0,0,0
0,0,0,0
0,0,0,0
0,0,7,255
255,255,255,255
0,0,10,236
0,0,0,0
0,0,192,0
0,0,192,0
0,0,8,0
1,0,0,0
0,0,0,0
0,0,0,0
0,0,7,255
255,255,255,255
0,0,10,236
0,0,0,0
0,0,192,0
0,0,192,0
0,0,8,0
1,0,0,0
0,0,0,0
0,0,0,0
0,0,7,255
255,255,255,255
0,0,10,236
0,0,0,0
0,0,192,0
0,0,192,0
0,0,8,0
1,0,0,0
0,0,0,0
0,0,0,0
0,0,7,255
255,255,255,255
0,0,10,236
0,0,0,0
0,0,192,0
0,0,192,0
0,0,8,0
1,0,0,0
0,0,0,0
0,0,0,0
0,0,7,255
255,255,255,255
0,0,10,236
0,0,0,0
0,0,192,0
0,0,192,0
0,0,8,0
1,0,0,0
0,0,0,0
0,0,0,0
0,0,7,255
255,255,255,255
0,0,10,236
0,0,0,0
0,0,192,0
0,0,192,0
0,0,8,0
1,0,0,0
0,0,0,0
0,0,0,0
0,0,7,255
255,255,255,255
0,0,10,236
0,0,0,0
0,0,192,0
0,0,192,0
0,0,8,0
1,0,0,0
0,0,0,0
0,0,0,0
0,0,7,255
255,255,255,255
0,0,10,236
0,0,0,0
0,0,192,0
0,0,192,0
0,0,8,0
0,0,0,0
0,0,32,138
1,0,0,0
0,0,0,0
1,0,0,0
0,0,32,138
0,0,0,0
1,0,0,0
0,0,32,138
0,128,0,0
0,128,0,0
0,128,0,0
0,128,0,0
0,128,0,0
0,128,0,0
0,128,0,0
0,128,0,0
0,128,0,0
0,128,0,0
0,128,0,0
0,128,0,0
0,128,0,0
0,128,0,0
0,128,0,0
0,128,0,0
0,128,0,0
0,128,0,0
0,128,0,0
0,128,0,0
0,128,0,0
0,128,0,0
0,128,0,0
0,128,0,0
0,0,0,0
0,0,0,0
0,0,0,0
0,0,0,0
0,0,0,0
0,0,0,0
0,0,0,0
0,0,0,0
0,0,0,0
0,0,0,0
0,0,0,0
0,0,0,0
0,0,0,0
0,0,0,0
0,0,0,0
0,0,0,0
0,0,0,0
0,0,0,0
0,0,0,0
0,0,0,0
0,0,0,0
0,0,0,0
0,0,0,0
0,0,0,0
0,0,0,142
0,0,0,143
0,0,0,144
0,0,0,145
0,0,0,146
0,0,0,147
0,0,0,148
0,0,0,148
0,0,0,149
0,0,0,149
0,0,0,149
0,0,0,150
0,0,0,152
0,0,0,153
0,0,0,147
0,0,0,147
0,0,0,142
0,0,0,154
0,0,0,142
0,0,0,155
0,0,0,152
0,0,0,152
0,0,0,152
0,0,0,156
0,0,0,158
0,0,0,147
0,0,0,159
0,0,0,160
0,0,0,161
0,0,0,161
0,0,0,142
0,0,0,144
0,0,0,162
0,0,0,163
0,0,0,164
0,0,0,165
0,0,0,158
0,0,0,158
0,0,0,158
0,0,0,158
0,0,0,158
0,0,0,166
0,0,0,168
0,0,0,169
0,0,0,170
0,0,0,170
0,0,0,171
0,0,0,171
0,0,0,171
0,0,0,172
0,0,0,173
0,0,0,174
0,0,0,175
0,0,0,176
0,0,0,178
0,0,0,179
0,0,0,169
0,0,0,169
0,0,0,173
0,0,0,180
0,0,0,173
0,0,0,181
0,0,0,178
0,0,0,178
0,0,0,178
0,0,0,182
0,0,0,184
0,0,0,169
0,0,0,185
0,0,0,186
0,0,0,187
0,0,0,187
0,0,0,173
0,0,0,175
0,0,0,188
0,0,0,189
0,0,0,190
0,0,0,191
0,0,0,184
0,0,0,184
0,0,0,184
0,0,0,184
0,0,0,184
0,0,0,192
0,0,0,194
0,0,0,194
0,0,0,194
0,0,0,195
0,0,0,196
0,0,0,197
0,0,0,198
0,0,0,199
0,0,0,200
0,0,0,201
0,0,0,202
0,0,0,202
0,0,0,196
0,0,0,204
0,0,0,196
0,0,0,205
0,0,0,206
0,0,0,207
0,0,0,201
0,0,0,201
0,0,0,206
0,0,0,206
0,0,0,206
0,0,0,208
0,0,0,196
0,0,0,198
0,0,0,210
0,0,0,211
0,0,0,212
0,0,0,213
0,0,0,214
0,0,0,201
0,0,0,215
0,0,0,216
0,0,0,217
0,0,0,217
0,0,0,214
0,0,0,214
0,0,0,214
0,0,0,214
0,0,0,214
0,0,0,218
0,0,0,220
0,0,0,221
0,0,0,222
0,0,0,222
0,0,0,223
0,0,0,224
0,0,0,225
0,0,0,226
0,0,0,227
0,0,0,227
0,0,0,227
0,0,0,228
0,0,0,230
0,0,0,231
0,0,0,221
0,0,0,221
0,0,0,223
0,0,0,232
0,0,0,223
0,0,0,233
0,0,0,230
0,0,0,230
0,0,0,230
0,0,0,234
0,0,0,223
0,0,0,225
0,0,0,236
0,0,0,237
0,0,0,238
0,0,0,239
0,0,0,240
0,0,0,221
0,0,0,241
0,0,0,242
0,0,0,243
0,0,0,243
0,0,0,240
0,0,0,240
0,0,0,240
0,0,0,240
0,0,0,240
0,0,0,244
0,0,0,246
0,0,0,247
0,0,0,248
0,0,0,249
0,0,0,250
0,0,0,250
0,0,0,250
0,0,0,251
0,0,0,252
0,0,0,253
0,0,0,254
0,0,0,254
0,0,1,0
0,0,1,1
0,0,0,253
0,0,0,253
0,0,0,246
0,0,1,2
0,0,0,246
0,0,1,3
0,0,1,0
0,0,1,0
0,0,1,0
0,0,1,4
0,0,0,246
0,0,0,248
0,0,1,6
0,0,1,7
0,0,1,8
0,0,1,9
0,0,1,10
0,0,0,253
0,0,1,11
0,0,1,12
0,0,1,13
0,0,1,13
0,0,1,10
0,0,1,10
0,0,1,10
0,0,1,10
0,0,1,10
0,0,1,14
0,0,1,16
0,0,1,17
0,0,1,18
0,0,1,19
0,0,1,20
0,0,1,20
0,0,1,20
0,0,1,21
0,0,1,22
0,0,1,23
0,0,1,24
0,0,1,24
0,0,1,26
0,0,1,27
0,0,1,23
0,0,1,23
0,0,1,16
0,0,1,28
0,0,1,16
0,0,1,29
0,0,1,26
0,0,1,26
0,0,1,26
0,0,1,30
0,0,1,32
0,0,1,23
0,0,1,33
0,0,1,34
0,0,1,35
0,0,1,35
0,0,1,32
0,0,1,32
0,0,1,32
0,0,1,32
0,0,1,32
0,0,1,36
0,0,1,16
0,0,1,18
0,0,1,37
0,0,1,38
0,0,1,39
0,0,1,40
0,0,1,42
0,0,1,43
0,0,1,44
0,0,1,44
0,0,1,45
0,0,1,45
0,0,1,45
0,0,1,46
0,0,1,47
0,0,1,48
0,0,1,49
0,0,1,50
0,0,1,52
0,0,1,52
0,0,1,52
0,0,1,53
0,0,1,52
0,0,1,54
0,0,1,43
0,0,1,43
0,0,1,47
0,0,1,55
0,0,1,47
0,0,1,56
0,0,1,58
0,0,1,43
0,0,1,59
0,0,1,60
0,0,1,61
0,0,1,61
0,0,1,58
0,0,1,58
0,0,1,58
0,0,1,58
0,0,1,58
0,0,1,62
0,0,1,47
0,0,1,49
0,0,1,63
0,0,1,64
0,0,1,65
0,0,1,66
0,0,1,68
0,0,1,68
0,0,1,68
0,0,1,69
0,0,1,70
0,0,1,71
0,0,1,72
0,0,1,73
0,0,1,74
0,0,1,75
0,0,1,76
0,0,1,76
0,0,1,70
0,0,1,78
0,0,1,70
0,0,1,79
0,0,1,80
0,0,1,81
0,0,1,75
0,0,1,75
0,0,1,80
0,0,1,80
0,0,1,80
0,0,1,82
0,0,1,84
0,0,1,75
0,0,1,85
0,0,1,86
0,0,1,87
0,0,1,87
0,0,1,70
0,0,1,72
0,0,1,88
0,0,1,89
0,0,1,90
0,0,1,91
0,0,1,84
0,0,1,84
0,0,1,84
0,0,1,84
0,0,1,84
0,0,1,92
1,0,0,0
1,0,0,0
1,0,0,0
1,0,0,0
1,0,0,0
1,0,0,0
1,0,0,0
1,0,0,0
1,0,0,0
1,0,0,0
1,0,0,0
0,0,0,0
0,0,0,0
1,0,0,0
0,0,0,0
0,0,0,0
1,0,0,0
0,0,0,0
0,0,0,0
1,0,0,0
0,0,0,0
0,0,0,0
1,0,0,0
0,0,0,0
0,0,0,0
1,0,0,0
0,0,0,0
0,0,0,0
1,0,0,0
0,0,0,0
0,0,0,0
1,0,0,0
0,0,0,0
0,0,0,0
0,0,0,0
1,0,0,0
100,0,0,0
0,0,0,0
1,0,0,0
100,0,0,0
0,0,0,0
1,0,0,0
100,0,0,0
0,0,0,0
0,0,23,112
0,0,3,32
1,0,0,0
0,0,4,176
0,0,7,8
0,0,14,16
0,76,204,205
0,102,102,102
0,128,0,0
0,1,44,96
0,0,3,255
255,255,255,255
1,0,0,0
1,0,0,0
0,0,0,0
0,0,31,64
0,102,102,102
1,0,0,0
1,0,0,0
0,0,42,248
0,0,0,0
0,0,0,0
1,0,0,0
100,0,0,0
0,0,0,0
1,0,0,0
100,0,0,0
0,0,0,0
1,0,0,0
100,0,0,0
0,0,0,0
0,0,23,112
0,0,3,32
1,0,0,0
0,0,4,176
0,0,7,8
0,0,14,16
0,76,204,205
0,102,102,102
0,128,0,0
0,1,44,96
0,0,3,255
255,255,255,255
1,0,0,0
1,0,0,0
0,0,0,0
0,0,31,64
0,102,102,102
1,0,0,0
1,0,0,0
0,0,42,248
0,0,0,0
0,0,0,0
1,0,0,0
100,0,0,0
0,0,0,0
1,0,0,0
100,0,0,0
0,0,0,0
1,0,0,0
100,0,0,0
0,0,0,0
0,0,23,112
0,0,3,32
1,0,0,0
0,0,4,176
0,0,7,8
0,0,14,16
0,76,204,205
0,102,102,102
0,128,0,0
0,1,44,96
0,0,3,255
255,255,255,255
1,0,0,0
1,0,0,0
0,0,0,0
0,0,31,64
0,102,102,102
1,0,0,0
1,0,0,0
0,0,42,248
0,0,0,0
0,0,0,0
1,0,0,0
100,0,0,0
0,0,0,0
1,0,0,0
100,0,0,0
0,0,0,0
1,0,0,0
100,0,0,0
0,0,0,0
0,0,23,112
0,0,3,32
1,0,0,0
0,0,4,176
0,0,7,8
0,0,14,16
0,76,204,205
0,102,102,102
0,128,0,0
0,1,44,96
0,0,3,255
255,255,255,255
1,0,0,0
1,0,0,0
0,0,0,0
0,0,31,64
0,102,102,102
1,0,0,0
1,0,0,0
0,0,42,248
0,0,0,0
0,0,0,0
1,0,0,0
100,0,0,0
0,0,0,0
1,0,0,0
100,0,0,0
0,0,0,0
1,0,0,0
100,0,0,0
0,0,0,0
0,0,23,112
0,0,3,32
1,0,0,0
0,0,4,176
0,0,7,8
0,0,14,16
0,76,204,205
0,102,102,102
0,128,0,0
0,1,44,96
0,0,3,255
255,255,255,255
1,0,0,0
1,0,0,0
0,0,0,0
0,0,31,64
0,102,102,102
1,0,0,0
1,0,0,0
0,0,42,248
0,0,0,0
0,0,0,0
1,0,0,0
100,0,0,0
0,0,0,0
1,0,0,0
100,0,0,0
0,0,0,0
1,0,0,0
100,0,0,0
0,0,0,0
0,0,23,112
0,0,3,32
1,0,0,0
0,0,4,176
0,0,7,8
0,0,14,16
0,76,204,205
0,102,102,102
0,128,0,0
0,1,44,96
0,0,3,255
255,255,255,255
1,0,0,0
1,0,0,0
0,0,0,0
0,0,31,64
0,102,102,102
1,0,0,0
1,0,0,0
0,0,42,248
0,0,0,0
0,0,0,0
1,0,0,0
100,0,0,0
0,0,0,0
1,0,0,0
100,0,0,0
0,0,0,0
1,0,0,0
100,0,0,0
0,0,0,0
0,0,23,112
0,0,3,32
1,0,0,0
0,0,4,176
0,0,7,8
0,0,14,16
0,76,204,205
0,102,102,102
0,128,0,0
0,1,44,96
0,0,3,255
255,255,255,255
1,0,0,0
1,0,0,0
0,0,0,0
0,0,31,64
0,102,102,102
1,0,0,0
1,0,0,0
0,0,42,248
0,0,0,0
0,0,0,0
1,0,0,0
100,0,0,0
0,0,0,0
1,0,0,0
100,0,0,0
0,0,0,0
1,0,0,0
100,0,0,0
0,0,0,0
0,0,23,112
0,0,3,32
1,0,0,0
0,0,4,176
0,0,7,8
0,0,14,16
0,76,204,205
0,102,102,102
0,128,0,0
0,1,44,96
0,0,3,255
255,255,255,255
1,0,0,0
1,0,0,0
0,0,0,0
0,0,31,64
0,102,102,102
1,0,0,0
1,0,0,0
0,0,42,248
0,0,0,0
1,0,0,0
0,25,153,154
0,64,77,230
0,64,77,230
0,64,77,230
0,64,77,230
0,64,77,230
0,64,77,230
0,64,77,230
0,64,77,230
0,0,0,0
0,0,0,0
0,0,0,0
0,0,0,0
3490
96,0
0,0,0,0
0,0,0,0
0,0,0,0
0,0,0,0
0,0,0,0
0,0,0,0
0,0,0,0
0,0,0,0
0,0,0,0
0,0,0,0
0,0,0,0
0,0,0,0
0,0,0,0
0,0,0,0
0,0,0,0
0,0,0,0
0,0,0,0
0,0,0,0
0,0,0,0
0,0,0,0
0,0,0,0
0,0,0,0
0,0,0,0
0,0,0,0
0,0,0,0
0,0,0,0
0,0,0,0
0,0,0,0
0,0,0,0
0,0,0,0
0,0,0,0
0,0,0,0
0,0,0,0
0,0,0,0
0,0,0,0
0,0,0,0
0,0,0,0
0,0,0,0
0,0,0,0
0,0,0,0
0,0,0,0
0,0,0,0
0,0,0,0
0,0,0,0
0,0,0,0
0,0,0,0
0,0,0,0
0,0,0,0
0,0,0,0
0,0,0,0
0,0,0,0
0,0,0,0
0,0,0,0
0,0,0,0
0,0,0,0
0,0,0,0
0,0,0,0
0,0,0,0
0,0,0,0
0,0,0,0
0,0,0,0
0,0,0,0
0,0,0,0
0,0,0,0
0,0,0,0
0,0,0,0
0,0,0,0
0,0,0,0
0,0,0,0
0,0,0,0
0,0,0,0
0,0,0,0
0,0,0,0
0,0,0,0
0,0,0,0
0,0,0,0
0,0,0,0
0,0,0,0
0,0,0,0
0,0,0,0
0,0,0,0
0,0,0,0
0,0,0,0
0,0,0,0
0,0,0,0
0,0,0,0
0,0,0,0
0,0,0,0
0,0,0,0
0,0,0,0
0,0,0,0
0,0,0,0
0,0,0,0
0,0,0,0
0,0,0,0
0,0,0,0
0,0,0,0
0,0,0,0
0,0,0,0
0,0,0,0
0,0,0,0
0,0,0,0
0,0,0,0
0,0,0,0
0,0,0,0
0,0,0,0
0,0,0,0
0,0,0,0
0,0,0,0
0,0,0,0
0,0,0,0
0,0,0,0
0,0,0,0
0,0,0,0
0,0,0,0
0,0,0,0
0,0,0,0
0,0,0,0
0,0,0,0
0,0,0,0
0,0,0,0
0,0,0,0
0,0,0,0
0,0,0,0
0,0,0,0
0,0,0,0
0,0,0,0
0,0,0,0
0,0,0,0
0,0,0,0
0,0,0,0
0,0,0,0
0,0,0,0
0,0,0,0
0,0,0,0
0,0,0,0
0,0,0,0
0,0,0,0
0,0,0,0
0,0,0,0
0,0,0,0
0,0,0,0
0,0,0,0
0,0,0,0
0,0,0,0
0,0,0,0
0,0,0,0
0,0,0,0
0,0,0,0
0,0,0,0
0,0,0,0
0,0,0,0
0,0,0,0
0,0,0,0
0,0,0,0
0,0,0,0
0,0,0,0
0,0,0,0
0,0,0,0
0,0,0,0
0,0,0,0
0,0,0,0
0,0,0,0
0,0,0,0
0,0,0,0
0,0,0,0
0,0,0,0
0,0,0,0
0,0,0,0
0,0,0,0
0,0,0,0
0,0,0,0
0,0,0,0
0,0,0,0
0,0,0,0
0,0,0,0
0,0,0,0
0,0,0,0
0,0,0,0
0,0,0,0
0,0,0,0
0,0,0,0
0,0,0,0
0,0,0,0
0,0,0,0
0,0,0,0
0,0,0,0
0,0,0,0
0,0,0,0
0,0,0,0
0,0,0,0
0,0,0,0
0,0,0,0
0,0,0,0
0,0,0,0
0,0,0,0
0,0,0,0
0,0,0,0
0,0,0,0
0,0,0,0
0,0,0,0
0,0,0,0
0,0,0,0
0,0,0,0
0,0,0,0
0,0,0,0
0,0,0,0
0,0,0,0
0,0,0,0
0,0,0,0
0,0,0,0
0,0,0,0
0,0,0,0
0,0,0,0
0,0,0,0
0,0,0,0
0,0,0,0
0,0,0,0
0,0,0,0
0,0,0,0
0,0,0,0
0,0,0,0
0,0,0,0
0,0,0,0
0,0,0,0
0,0,0,0
0,0,0,0
0,0,0,0
0,0,0,0
0,0,0,0
0,0,0,0
0,0,0,0
0,0,0,0
0,0,0,0
0,0,0,0
0,0,0,0
0,0,0,0
0,0,0,0
0,0,0,0
0,0,0,0
0,0,0,0
0,0,0,0
0,0,0,0
0,0,0,0
0,0,0,0
0,0,0,0
0,0,0,0
0,0,0,0
0,0,0,0
0,0,0,0
0,0,0,0
0,0,0,0
0,0,0,0
0,0,0,0
0,0,0,0
0,0,0,0
0,0,0,0
0,0,0,0
0,0,0,0
0,0,0,0
0,0,0,0
0,0,0,0
0,0,0,0
0,0,0,0
0,0,0,0
0,0,0,0
0,0,0,0
0,0,0,0
0,0,0,0
0,0,0,0
0,0,0,0
0,0,0,0
0,0,0,0
0,0,0,0
0,0,0,0
0,0,0,0
0,0,0,0
0,0,0,0
0,0,0,0
0,0,0,0
0,0,0,0
0,0,0,0
0,0,0,0
0,0,0,0
0,0,0,0
0,0,0,0
0,0,0,0
0,0,0,0
0,0,0,0
0,0,0,0
0,0,0,0
0,0,0,0
0,0,0,0
0,0,0,0
0,0,0,0
0,0,0,0
0,0,0,0
0,0,0,0
0,0,0,0
0,0,0,0
0,0,0,0
0,0,0,0
0,0,0,0
0,0,0,0
0,0,0,0
0,0,0,0
0,0,0,0
0,0,0,0
0,0,0,0
0,0,0,0
0,0,0,0
0,0,0,0
0,0,0,0
0,0,0,0
0,0,0,0
0,0,0,0
0,0,0,0
0,0,0,0
0,0,0,0
0,0,0,0
0,0,0,0
0,0,0,0
0,0,0,0
0,0,0,0
0,0,0,0
0,0,0,0
0,0,0,0
0,0,0,0
0,0,0,0
0,0,0,0
0,0,0,0
0,0,0,0
0,0,0,0
0,0,0,0
0,0,0,0
0,0,0,0
0,0,0,0
0,0,0,0
0,0,0,0
0,0,0,0
0,0,0,0
0,0,0,0
0,0,0,0
0,0,0,0
0,0,0,0
0,0,0,0
0,0,0,0
0,0,0,0
0,0,0,0
0,0,0,0
0,0,0,0
0,0,0,0
0,0,0,0
0,0,0,0
0,0,0,0
0,0,0,0
0,0,0,0
0,0,0,0
0,0,0,0
0,0,0,0
0,0,0,0
0,0,0,0
0,0,0,0
0,0,0,0
0,0,0,0
0,0,0,0
0,0,0,0
0,0,0,0
0,0,0,0
0,0,0,0
0,0,0,0
0,0,0,0
0,0,0,0
0,0,0,0
0,0,0,0
0,0,0,0
0,0,0,0
0,0,0,0
0,0,0,0
0,0,0,0
0,0,0,0
0,0,0,0
0,0,0,0
0,0,0,0
0,0,0,0
0,0,0,0
0,0,0,0
0,0,0,0
0,0,0,0
0,0,0,0
0,0,0,0
0,0,0,0
0,0,0,0
0,0,0,0
0,0,0,0
0,0,0,0
0,0,0,0
0,0,0,0
0,0,0,0
0,0,0,0
0,0,0,0
0,0,0,0
0,0,0,0
0,0,0,0
0,0,0,0
0,0,0,0
0,0,0,0
0,0,0,0
0,0,0,0
0,0,0,0
0,0,0,0
0,0,0,0
0,0,0,0
0,0,0,0
0,0,0,0
0,0,0,0
0,0,0,0
0,0,0,0
0,0,0,0
0,0,0,0
0,0,0,0
0,0,0,0
0,0,0,0
0,0,0,0
0,0,0,0
0,0,0,0
0,0,0,0
0,0,0,0
0,0,0,0
0,0,0,0
0,0,0,0
0,0,0,0
0,0,0,0
0,0,0,0
0,0,0,0
0,0,0,0
0,0,0,0
0,0,0,0
0,0,0,0
0,0,0,0
0,0,0,0
0,0,0,0
0,0,0,0
0,0,0,0
0,0,0,0
0,0,0,0
0,0,0,0
0,0,0,0
0,0,0,0
0,0,0,0
0,0,0,0
0,0,0,0
0,0,0,0
0,0,0,0
0,0,0,0
0,0,0,0
0,0,0,0
0,0,0,0
0,0,0,0
0,0,0,0
0,0,0,0
0,0,0,0
0,0,0,0
0,0,0,0
0,0,0,0
0,0,0,0
0,0,0,0
0,0,0,0
0,0,0,0
0,0,0,0
0,0,0,0
0,0,0,0
0,0,0,0
0,0,0,0
0,0,0,0
0,0,0,0
0,0,0,0
0,0,0,0
0,0,0,0
0,0,0,0
0,0,0,0
0,0,0,0
0,0,0,0
0,0,0,0
0,0,0,0
0,0,0,0
0,0,0,0
0,0,0,0
0,0,0,0
0,0,0,0
0,0,0,0
0,0,0,0
0,0,0,0
0,0,0,0
0,0,0,0
0,0,0,0
0,0,0,0
0,0,0,0
0,0,0,0
0,0,0,0
0,0,0,0
0,0,0,0
0,0,0,0
0,0,0,0
0,0,0,0
0,0,0,0
0,0,0,0
0,0,0,0
0,0,0,0
0,0,0,0
0,0,0,0
0,0,0,0
0,0,0,0
0,0,0,0
0,0,0,0
0,0,0,0
0,0,0,0
0,0,0,0
0,0,0,0
0,0,0,0
0,0,0,0
0,0,0,0
0,0,0,0
0,0,0,0
0,0,0,0
0,0,0,0
0,0,0,0
0,0,0,0
0,0,0,0
0,0,0,0
0,0,0,0
0,0,0,0
0,0,0,0
0,0,0,0
0,0,0,0
0,0,0,0
0,0,0,0
0,0,0,0
0,0,0,0
0,0,0,0
0,0,0,0
0,0,0,0
0,0,0,0
0,0,0,0
0,0,0,0
0,0,0,0
0,0,0,0
0,0,0,0
0,0,0,0
0,0,0,0
0,0,0,0
0,0,0,0
0,0,0,0
0,0,0,0
0,0,0,0
0,0,0,0
0,0,0,0
0,0,0,0
0,0,0,0
0,0,0,0
0,0,0,0
0,0,0,0
0,0,0,0
0,0,0,0
0,0,0,0
0,0,0,0
0,0,0,0
0,0,0,0
0,0,0,0
0,0,0,0
0,0,0,0
0,0,0,0
0,0,0,0
0,0,0,0
0,0,0,0
0,0,0,0
0,0,0,0
0,0,0,0
0,0,0,0
0,0,0,0
0,0,0,0
0,0,0,0
0,0,0,0
0,0,0,0
0,0,0,0
0,0,0,0
0,0,0,0
0,0,0,0
0,0,0,0
0,0,0,0
0,0,0,0
0,0,0,0
0,0,0,0
0,0,0,0
0,0,0,0
0,0,0,0
0,0,0,0
0,0,0,0
0,0,0,0
0,0,0,0
0,0,0,0
0,0,0,0
0,0,0,0
0,0,0,0
0,0,0,0
0,0,0,0
0,0,0,0
0,0,0,0
0,0,0,0
0,0,0,0
0,0,0,0
0,0,0,0
0,0,0,0
0,0,0,0
0,0,0,0
0,0,0,0
0,0,0,0
0,0,0,0
0,0,0,0
0,0,0,0
0,0,0,0
0,0,0,0
0,0,0,0
0,0,0,0
0,0,0,0
0,0,0,0
0,0,0,0
0,0,0,0
0,0,0,0
0,0,0,0
0,0,0,0
0,0,0,0
0,0,0,0
0,0,0,0
0,0,0,0
0,0,0,0
0,0,0,0
0,0,0,0
0,0,0,0
0,0,0,0
0,0,0,0
0,0,0,0
0,0,0,0
0,0,0,0
0,0,0,0
0,0,0,0
0,0,0,0
0,0,0,0
0,0,0,0
0,0,0,0
0,0,0,0
0,0,0,0
0,0,0,0
0,0,0,0
0,0,0,0
0,0,0,0
0,0,0,0
0,0,0,0
0,0,0,0
0,0,0,0
0,0,0,0
0,0,0,0
0,0,0,0
0,0,0,0
0,0,0,0
0,0,0,0
0,0,0,0
0,0,0,0
0,0,0,0
0,0,0,0
0,0,0,0
0,0,0,0
0,0,0,0
0,0,0,0
0,0,0,0
0,0,0,0
0,0,0,0
0,0,0,0
0,0,0,0
0,0,0,0
0,0,0,0
0,0,0,0
0,0,0,0
0,0,0,0
0,0,0,0
0,0,0,0
0,0,0,0
0,0,0,0
0,0,0,0
0,0,0,0
0,0,0,0
0,0,0,0
0,0,0,0
0,0,0,0
0,0,0,0
0,0,0,0
0,0,0,0
0,0,0,0
0,0,0,0
0,0,0,0
0,0,0,0
0,0,0,0
0,0,0,0
0,0,0,0
0,0,0,0
0,0,0,0
0,0,0,0
0,0,0,0
0,0,0,0
0,0,0,0
0,0,0,0
0,0,0,0
0,0,0,0
0,0,0,0
0,0,0,0
0,0,0,0
0,0,0,0
0,0,0,0
0,0,0,0
0,0,0,0
0,0,0,0
0,0,0,0
0,0,0,0
0,0,0,0
0,0,0,0
0,0,0,0
0,0,0,0
0,0,0,0
0,0,0,0
0,0,0,0
0,0,0,0
0,0,0,0
0,0,0,0
0,0,0,0
0,0,0,0
0,0,0,0
0,0,0,0
0,0,0,0
0,0,0,0
0,0,0,0
0,0,0,0
0,0,0,0
0,0,0,0
0,0,0,0
0,0,0,0
0,0,0,0
0,0,0,0
0,0,0,0
0,0,0,0
0,0,0,0
0,0,0,0
0,0,0,0
0,0,0,0
0,0,0,0
0,0,0,0
0,0,0,0
0,0,0,0
0,0,0,0
0,0,0,0
0,0,0,0
0,0,0,0
0,0,0,0
0,0,0,0
0,0,0,0
0,0,0,0
0,0,0,0
0,0,0,0
0,0,0,0
0,0,0,0
0,0,0,0
0,0,0,0
0,0,0,0
0,0,0,0
0,0,0,0
0,0,0,0
0,0,0,0
0,0,0,0
0,0,0,0
0,0,0,0
0,0,0,0
0,0,0,0
0,0,0,0
0,0,0,0
0,0,0,0
0,0,0,0
0,0,0,0
0,0,0,0
0,0,0,0
0,0,0,0
0,0,0,0
0,0,0,0
0,0,0,0
0,0,0,0
0,0,0,0
0,0,0,0
0,0,0,0
0,0,0,0
0,0,0,0
0,0,0,0
0,0,0,0
0,0,0,0
0,0,0,0
0,0,0,0
0,0,0,0
0,0,0,0
0,0,0,0
0,0,0,0
0,0,0,0
0,0,0,0
0,0,0,0
0,0,0,0
0,0,0,0
0,0,0,0
0,0,0,0
0,0,0,0
0,0,0,0
0,0,0,0
0,0,0,0
0,0,0,0
0,0,0,0
0,0,0,0
0,0,0,0
0,0,0,0
0,0,0,0
0,0,0,0
0,0,0,0
0,0,0,0
0,0,0,0
0,0,0,0
0,0,0,0
0,0,0,0
0,0,0,0
0,0,0,0
0,0,0,0
0,0,0,0
0,0,0,0
0,0,0,0
0,0,0,0
0,0,0,0
0,0,0,0
0,0,0,0
0,0,0,0
0,0,0,0
0,0,0,0
0,0,0,0
0,0,0,0
0,0,0,0
0,0,0,0
0,0,0,0
0,0,0,0
0,0,0,0
0,0,0,0
0,0,0,0
0,0,0,0
0,0,0,0
0,0,0,0
0,0,0,0
0,0,0,0
0,0,0,0
0,0,0,0
0,0,0,0
0,0,0,0
0,0,0,0
0,0,0,0
0,0,0,0
0,0,0,0
0,0,0,0
0,0,0,0
0,0,0,0
0,0,0,0
0,0,0,0
0,0,0,0
4
244,3
0,0
4
244,4
0,0
4
244,1
0,2
4
244,2
0,0
4
244,2
0,1
4
0,0
0,1
4
244,0
0,0
