<beometa>
sampleRate:48000
filtFMulti:12
midi_osc,addr:207,fAddr:,aAddr:193,vAddr:307,min:0,max:0,format:824,midi_id:4
midi_osc,addr:229,fAddr:,aAddr:215,vAddr:308,min:0,max:0,format:824,midi_id:3
midi_osc,addr:251,fAddr:,aAddr:237,vAddr:309,min:0,max:0,format:824,midi_id:2
midi_osc,addr:273,fAddr:,aAddr:259,vAddr:310,min:0,max:0,format:824,midi_id:1
midi_knob,addr:275,fAddr:,aAddr:,vAddr:,min:0.5,max:16,format:824,midi_id:1
midi_knob,addr:276,fAddr:,aAddr:,vAddr:,min:0.5,max:16,format:824,midi_id:2
midi_knob,addr:277,fAddr:,aAddr:,vAddr:,min:3000,max:36000,format:320,midi_id:3
midi_knob,addr:278,fAddr:,aAddr:,vAddr:,min:3000,max:36000,format:320,midi_id:4
<program>
4
248,144
0,0
4
248,144
0,1
4
0,0
0,255
4
244,0
0,0
4
244,0
0,1
4
0,0
0,255
4
244,3
0,0
4
244,3
0,1
4
240,3
0,0
4
240,0
0,96
4
240,1
0,2
4
240,2
0,1
4
240,5
0,7
4
240,3
0,1
4
0,0
0,255
4
240,80
31,255
4
240,81
0,31
4
245,129
7,255
4
245,22
0,7
4
245,23
0,7
4
245,24
0,12
4
245,25
0,112
4
245,38
0,1
4
247,148
0,24
4
247,149
0,24
4
247,150
0,24
4
247,151
0,24
4
247,152
0,24
4
247,153
0,10
4
247,155
0,8
4
247,156
0,8
4
247,157
0,24
4
247,158
0,24
4
247,160
0,15
4
247,163
0,31
4
241,0
0,1
4
241,1
0,64
4
241,7
0,3
4
241,64
0,6
4
241,65
0,5
4
241,71
0,6
4
241,128
0,2
4
241,129
0,2
4
241,130
0,2
4
241,131
0,2
4
241,132
0,2
4
241,133
0,2
4
241,134
0,2
4
241,135
0,2
4
241,136
0,2
4
241,137
0,2
4
241,138
0,2
4
241,139
0,2
4
241,140
0,2
4
241,141
0,2
4
241,142
0,2
4
241,143
0,2
4
241,144
0,2
4
241,145
0,2
4
241,146
0,2
4
241,147
0,2
4
241,148
0,2
4
241,149
0,2
4
241,150
0,2
4
241,151
0,2
4
241,192
0,1
4
242,0
0,64
4
242,4
144,0
4
242,8
72,0
4
242,12
108,0
4
242,16
144,0
4
242,20
144,0
4
242,24
144,0
4
242,28
144,0
4
246,4
0,1
4
246,144
0,1
7778
192,0
0,0,0,2
12,0,220,220
13,0,255,210
13,0,255,208
13,0,244,80
13,0,244,0
192,0,35,128
128,0,0,0
192,0,35,0
128,0,0,0
192,0,35,192
128,0,0,16
192,0,34,0
128,0,0,0
8,128,220,224
12,0,220,220
192,0,40,48
128,0,0,8
192,0,48,0
128,0,0,180
1,0,0,22
6,64,64,16
192,0,40,48
128,0,1,56
192,0,48,0
128,0,0,24
1,0,0,28
6,64,80,16
192,0,32,0
128,0,0,47
13,0,255,193
192,0,32,0
128,0,0,1
13,0,244,98
192,0,32,0
128,0,0,0
13,0,244,98
192,0,32,0
128,0,0,2
13,0,255,209
0,0,0,3
13,0,255,210
0,0,0,5
0,0,0,0
0,0,0,0
2,1,0,42
0,0,0,0
0,0,0,0
8,158,220,224
8,156,0,20
8,154,0,16
0,0,0,0
192,0,0,0
130,79,0,0
8,138,220,224
10,35,0,6
0,140,32,0
10,167,0,5
2,9,0,71
192,0,40,112
128,0,96,0
0,140,17,145
0,0,0,35
0,0,0,0
48,0,188,233
0,0,194,241
1,0,0,70
6,0,80,20
54,64,80,21
38,64,64,21
9,43,0,6
0,0,0,0
12,0,0,179
6,64,19,126
12,0,0,188
6,64,19,142
12,0,0,189
6,64,19,206
12,0,0,190
6,64,20,78
12,0,0,191
6,64,20,158
12,0,0,192
6,64,20,62
12,0,0,193
6,64,17,126
12,0,0,194
6,64,19,254
12,0,0,195
6,64,19,238
12,0,0,196
6,64,20,94
12,0,0,197
6,64,20,14
12,0,0,198
6,64,20,30
12,0,0,199
6,64,20,46
12,0,0,200
6,64,20,110
12,0,0,201
6,64,20,126
12,0,0,202
6,64,20,142
12,0,0,203
6,64,16,174
12,0,0,204
192,0,0,24
128,192,16,158
12,0,0,205
6,64,16,30
12,0,0,206
6,64,16,14
12,0,0,207
6,64,17,14
12,0,0,208
6,64,19,158
12,0,0,209
6,64,20,190
12,0,0,210
6,64,20,206
12,0,0,211
6,64,20,238
12,0,0,212
6,64,21,110
12,0,0,213
6,64,21,126
12,0,0,214
6,64,21,94
12,0,0,215
6,64,17,158
12,0,0,216
6,64,21,30
12,0,0,217
6,64,21,14
12,0,0,218
6,64,21,142
12,0,0,219
6,64,21,46
12,0,0,220
6,64,21,62
12,0,0,221
6,64,21,78
12,0,0,222
6,64,21,158
12,0,0,223
6,64,21,174
12,0,0,224
6,64,21,190
12,0,0,225
6,64,16,190
12,0,0,226
192,0,0,24
128,192,16,190
12,0,0,227
6,64,16,62
12,0,0,228
6,64,16,46
12,0,0,229
6,64,17,62
12,0,0,230
6,64,20,222
12,0,0,231
6,64,21,222
12,0,0,232
6,64,21,238
12,0,0,233
6,64,22,14
12,0,0,234
6,64,22,46
12,0,0,235
6,64,22,126
12,0,0,236
6,64,22,222
12,0,0,237
6,64,17,190
12,0,0,238
6,64,22,158
12,0,0,239
6,64,22,142
12,0,0,240
6,64,22,62
12,0,0,241
6,64,22,174
12,0,0,242
6,64,22,190
12,0,0,243
6,64,22,206
12,0,0,244
6,64,22,78
12,0,0,245
6,64,22,94
12,0,0,246
6,64,22,110
12,0,0,247
6,64,16,206
12,0,0,248
192,0,0,24
128,192,16,222
12,0,0,249
6,64,16,94
12,0,0,250
6,64,16,78
12,0,0,251
6,64,17,78
12,0,0,252
6,64,21,254
12,0,0,253
6,64,23,30
12,0,0,254
6,64,23,46
12,0,0,255
6,64,23,14
12,0,1,0
6,64,23,78
12,0,1,1
6,64,23,254
12,0,1,2
6,64,23,238
12,0,1,3
6,64,17,222
12,0,1,4
6,64,23,174
12,0,1,5
6,64,23,158
12,0,1,6
6,64,23,94
12,0,1,7
6,64,23,190
12,0,1,8
6,64,23,206
12,0,1,9
6,64,23,222
12,0,1,10
6,64,23,110
12,0,1,11
6,64,23,126
12,0,1,12
6,64,23,142
12,0,1,13
6,64,16,222
12,0,1,14
192,0,0,24
128,192,16,254
12,0,1,15
6,64,16,126
12,0,1,16
6,64,16,110
12,0,1,17
6,64,17,94
12,0,1,18
6,64,22,254
12,0,252,48
6,64,16,142
12,0,252,49
6,64,16,158
12,0,1,19
6,64,17,46
12,0,1,20
6,64,17,30
12,0,1,21
6,64,19,174
12,0,1,22
6,64,19,190
5,12,16,14
6,0,16,30
0,4,69,0
0,0,0,0
192,0,0,16
128,76,158,78
5,12,16,46
6,0,16,62
0,4,69,0
0,0,0,0
192,0,0,16
128,76,158,110
5,12,16,78
6,0,16,94
0,4,69,0
0,0,0,0
192,0,0,16
128,76,158,142
5,12,16,110
6,0,16,126
0,4,69,0
0,0,0,0
192,0,0,16
128,76,158,174
192,0,8,15
141,128,0,25
192,0,8,15
141,132,0,26
192,0,8,15
141,148,0,24
6,16,16,142
6,16,144,158
12,1,253,160
0,16,0,8
13,0,0,24
5,76,16,238
5,108,16,254
192,0,0,16
128,140,18,190
6,0,16,174
0,4,69,0
0,0,0,0
192,0,0,16
128,76,158,222
192,0,0,16
128,140,18,238
6,0,16,190
0,4,69,0
0,0,0,0
192,0,0,16
128,76,158,254
192,0,0,16
128,140,19,30
6,0,16,206
0,4,69,0
0,0,0,0
192,0,0,16
128,76,159,30
192,0,0,16
128,140,19,78
6,0,16,222
0,4,69,0
0,0,0,0
192,0,0,16
128,76,159,62
192,0,8,15
141,128,0,29
192,0,8,15
141,132,0,28
192,0,8,15
141,148,0,27
6,16,16,238
12,1,253,160
0,4,0,8
13,0,0,27
192,0,0,16
128,204,17,78
192,0,8,15
141,128,0,32
192,0,8,15
141,132,0,31
192,0,8,15
141,148,0,30
6,16,16,254
12,1,253,160
0,4,0,8
13,0,0,30
192,0,0,16
128,204,17,94
5,12,17,14
6,0,17,30
0,4,69,0
0,0,0,0
192,0,0,16
128,76,152,30
5,12,17,46
6,0,17,14
0,4,69,0
0,0,0,0
192,0,0,16
128,76,152,14
5,12,17,62
6,0,17,30
0,4,69,0
0,0,0,0
192,0,0,16
128,76,152,62
5,12,17,46
6,0,17,62
0,4,69,0
0,0,0,0
192,0,0,16
128,76,152,46
5,12,17,78
6,0,17,30
0,4,69,0
0,0,0,0
192,0,0,16
128,76,152,94
5,12,17,46
6,0,17,78
0,4,69,0
0,0,0,0
192,0,0,16
128,76,152,78
5,12,17,46
6,0,17,94
0,4,69,0
0,0,0,0
192,0,0,16
128,76,152,110
5,12,17,94
6,0,17,30
0,4,69,0
0,0,0,0
192,0,0,16
128,76,152,126
5,12,17,110
5,44,17,126
10,37,0,33
0,140,16,1
0,140,24,129
0,0,180,34
0,0,188,35
0,156,32,8
0,32,6,24
5,76,17,238
5,12,17,110
5,44,17,126
10,37,0,34
0,140,16,1
0,140,24,129
0,0,180,34
0,0,188,35
0,156,32,8
0,32,6,24
5,76,18,30
5,12,17,142
5,44,17,158
10,37,0,35
0,140,16,1
0,140,24,129
0,0,180,34
0,0,188,35
0,156,32,8
0,32,6,24
5,76,18,78
5,12,17,142
5,44,17,158
10,37,0,36
0,140,16,1
0,140,24,129
0,0,180,34
0,0,188,35
0,156,32,8
0,32,6,24
5,76,18,126
5,12,17,174
5,44,17,190
10,37,0,37
0,140,16,1
0,140,24,129
0,0,180,34
0,0,188,35
0,156,32,8
0,32,6,24
5,76,18,174
5,12,17,174
5,44,17,190
10,37,0,38
0,140,16,1
0,140,24,129
0,0,180,34
0,0,188,35
0,156,32,8
0,32,6,24
5,76,18,222
5,12,17,206
5,44,17,222
10,37,0,39
0,140,16,1
0,140,24,129
0,0,180,34
0,0,188,35
0,156,32,8
0,32,6,24
5,76,19,14
5,12,17,206
5,44,17,222
10,37,0,40
0,140,16,1
0,140,24,129
0,0,180,34
0,0,188,35
0,156,32,8
0,32,6,24
5,76,19,62
5,12,17,254
5,44,17,238
0,132,0,8
192,0,0,16
128,76,24,158
5,44,17,238
6,32,145,126
10,33,0,41
54,32,145,254
0,136,32,8
48,133,128,0
0,32,6,16
11,33,0,41
5,76,19,110
5,12,18,46
5,44,18,30
0,132,0,8
192,0,0,16
128,76,24,190
5,44,18,30
6,32,145,126
10,33,0,42
54,32,146,46
0,136,32,8
48,133,128,0
0,32,6,16
11,33,0,42
5,76,19,222
5,44,18,78
6,32,145,158
10,33,0,43
54,32,146,94
0,136,32,8
48,133,128,0
0,32,6,16
11,33,0,43
5,76,20,174
5,12,18,94
5,44,18,78
0,132,0,8
192,0,0,16
128,76,24,222
5,44,18,126
6,32,145,158
10,33,0,44
54,32,146,142
0,136,32,8
48,133,128,0
0,32,6,16
11,33,0,44
5,76,20,254
5,12,18,142
5,44,18,126
0,132,0,8
192,0,0,16
128,76,24,254
5,44,18,174
6,32,145,190
10,33,0,45
54,32,146,190
0,136,32,8
48,133,128,0
0,32,6,16
11,33,0,45
5,76,21,206
5,12,18,190
5,44,18,174
0,132,0,8
192,0,0,16
128,76,25,30
5,12,18,238
5,44,18,222
0,132,0,8
192,0,0,16
128,76,25,62
5,44,18,222
6,32,145,190
10,33,0,46
54,32,146,238
0,136,32,8
48,133,128,0
0,32,6,16
11,33,0,46
5,76,22,30
5,44,19,14
6,32,145,222
10,33,0,47
54,32,147,30
0,136,32,8
48,133,128,0
0,32,6,16
11,33,0,47
5,76,22,238
5,12,19,30
5,44,19,14
0,132,0,8
192,0,0,16
128,76,25,94
5,12,19,78
5,44,19,62
0,132,0,8
192,0,0,16
128,76,25,126
5,44,19,62
6,32,145,222
10,33,0,48
54,32,147,78
0,136,32,8
48,133,128,0
0,32,6,16
11,33,0,48
5,76,23,62
192,0,0,0
130,15,0,49
5,12,19,110
0,0,216,64
192,0,0,0
130,30,0,0
4,24,136,0
0,0,0,0
6,0,24,1
192,0,0,24
128,64,24,142
192,0,0,0
130,15,0,53
5,12,19,110
0,0,216,64
192,0,0,0
130,30,0,0
4,24,136,0
0,0,0,0
6,0,24,1
192,0,0,24
128,64,25,158
192,0,0,0
130,15,0,57
5,12,19,222
0,0,216,64
192,0,0,0
130,30,0,0
4,24,136,0
0,0,0,0
6,0,24,1
192,0,0,24
128,64,25,190
192,0,0,0
130,15,0,63
5,12,19,222
0,0,216,64
192,0,0,0
130,30,0,0
4,24,136,0
0,0,0,0
6,0,24,1
192,0,0,24
128,64,27,174
192,0,0,0
130,15,0,69
5,12,19,222
0,0,216,64
192,0,0,0
130,30,0,0
4,24,136,0
0,0,0,0
6,0,24,1
192,0,0,24
128,64,24,174
192,0,0,0
130,15,0,75
5,12,20,174
0,0,216,64
192,0,0,0
130,30,0,0
4,24,136,0
0,0,0,0
6,0,24,1
192,0,0,24
128,64,24,206
192,0,0,0
130,15,0,79
5,12,20,174
0,0,216,64
192,0,0,0
130,30,0,0
4,24,136,0
0,0,0,0
6,0,24,1
192,0,0,24
128,64,25,222
192,0,0,0
130,15,0,83
5,12,20,254
0,0,216,64
192,0,0,0
130,30,0,0
4,24,136,0
0,0,0,0
6,0,24,1
192,0,0,24
128,64,25,254
192,0,0,0
130,15,0,89
5,12,20,254
0,0,216,64
192,0,0,0
130,30,0,0
4,24,136,0
0,0,0,0
6,0,24,1
192,0,0,24
128,64,24,238
192,0,0,0
130,15,0,95
5,12,20,254
0,0,216,64
192,0,0,0
130,30,0,0
4,24,136,0
0,0,0,0
6,0,24,1
192,0,0,24
128,64,27,238
192,0,0,0
130,15,0,101
5,12,21,206
0,0,216,64
192,0,0,0
130,30,0,0
4,24,136,0
0,0,0,0
6,0,24,1
192,0,0,24
128,64,25,14
192,0,0,0
130,15,0,105
5,12,21,206
0,0,216,64
192,0,0,0
130,30,0,0
4,24,136,0
0,0,0,0
6,0,24,1
192,0,0,24
128,64,26,30
192,0,0,0
130,15,0,109
5,12,22,30
0,0,216,64
192,0,0,0
130,30,0,0
4,24,136,0
0,0,0,0
6,0,24,1
192,0,0,24
128,64,28,46
192,0,0,0
130,15,0,115
5,12,22,30
0,0,216,64
192,0,0,0
130,30,0,0
4,24,136,0
0,0,0,0
6,0,24,1
192,0,0,24
128,64,25,46
192,0,0,0
130,15,0,121
5,12,22,30
0,0,216,64
192,0,0,0
130,30,0,0
4,24,136,0
0,0,0,0
6,0,24,1
192,0,0,24
128,64,26,62
192,0,0,0
130,15,0,127
5,12,22,238
0,0,216,64
192,0,0,0
130,30,0,0
4,24,136,0
0,0,0,0
6,0,24,1
192,0,0,24
128,64,26,94
192,0,0,0
130,15,0,131
5,12,22,238
0,0,216,64
192,0,0,0
130,30,0,0
4,24,136,0
0,0,0,0
6,0,24,1
192,0,0,24
128,64,25,78
192,0,0,0
130,15,0,135
5,12,23,62
0,0,216,64
192,0,0,0
130,30,0,0
4,24,136,0
0,0,0,0
6,0,24,1
192,0,0,24
128,64,28,110
192,0,0,0
130,15,0,141
5,12,23,62
0,0,216,64
192,0,0,0
130,30,0,0
4,24,136,0
0,0,0,0
6,0,24,1
192,0,0,24
128,64,26,126
192,0,0,0
130,15,0,147
5,12,23,62
0,0,216,64
192,0,0,0
130,30,0,0
4,24,136,0
0,0,0,0
6,0,24,1
192,0,0,24
128,64,25,110
192,0,0,0
130,15,0,153
5,12,19,110
0,0,216,64
192,0,0,0
130,30,0,0
4,24,136,0
0,0,0,0
6,0,24,1
192,0,0,24
128,64,27,142
192,0,0,0
130,15,0,157
5,12,20,174
0,0,216,64
192,0,0,0
130,30,0,0
4,24,136,0
0,0,0,0
6,0,24,1
192,0,0,24
128,64,27,206
192,0,0,0
130,15,0,161
5,12,21,206
0,0,216,64
192,0,0,0
130,30,0,0
4,24,136,0
0,0,0,0
6,0,24,1
192,0,0,24
128,64,28,14
192,0,0,0
130,15,0,165
5,12,22,238
0,0,216,64
192,0,0,0
130,30,0,0
4,24,136,0
0,0,0,0
6,0,24,1
192,0,0,24
128,64,28,78
6,32,147,142
10,35,0,7
48,133,128,0
192,0,0,24
128,32,152,142
0,0,0,0
43,35,0,7
192,0,0,24
128,32,152,158
10,35,0,7
58,33,220,220
192,0,0,16
128,76,25,142
11,35,0,7
6,32,148,158
10,35,0,8
48,133,128,0
192,0,0,24
128,32,152,174
0,0,0,0
43,35,0,8
192,0,0,24
128,32,152,190
10,35,0,8
58,33,220,220
192,0,0,16
128,76,25,174
11,35,0,8
6,32,148,206
10,35,0,9
48,133,128,0
192,0,0,24
128,32,152,206
0,0,0,0
43,35,0,9
192,0,0,24
128,32,152,222
10,35,0,9
58,33,220,220
192,0,0,16
128,76,25,206
11,35,0,9
6,32,149,126
10,35,0,10
48,133,128,0
192,0,0,24
128,32,152,238
0,0,0,0
43,35,0,10
192,0,0,24
128,32,152,254
10,35,0,10
58,33,220,220
192,0,0,16
128,76,25,238
11,35,0,10
6,32,149,238
10,35,0,11
48,133,128,0
192,0,0,24
128,32,153,14
0,0,0,0
43,35,0,11
192,0,0,24
128,32,153,30
10,35,0,11
58,33,220,220
192,0,0,16
128,76,26,14
11,35,0,11
6,32,150,126
10,35,0,12
48,133,128,0
192,0,0,24
128,32,153,46
0,0,0,0
43,35,0,12
192,0,0,24
128,32,153,62
10,35,0,12
58,33,220,220
192,0,0,16
128,76,26,46
11,35,0,12
6,32,151,46
10,35,0,13
48,133,128,0
192,0,0,24
128,32,153,78
0,0,0,0
43,35,0,13
192,0,0,24
128,32,153,94
10,35,0,13
58,33,220,220
192,0,0,16
128,76,26,78
11,35,0,13
6,32,151,254
10,35,0,14
48,133,128,0
192,0,0,24
128,32,153,110
0,0,0,0
43,35,0,14
192,0,0,24
128,32,153,126
10,35,0,14
58,33,220,220
192,0,0,16
128,76,26,110
11,35,0,14
192,0,0,16
128,12,25,142
192,0,0,16
128,12,153,158
0,136,16,16
5,13,19,142
5,13,147,126
0,32,4,67
192,0,0,16
128,77,26,142
192,0,0,16
128,12,25,174
192,0,0,16
128,12,153,190
0,136,16,16
5,13,20,158
5,13,148,78
0,32,4,67
192,0,0,16
128,77,26,158
192,0,0,16
128,12,25,206
192,0,0,16
128,12,153,222
0,136,16,16
5,13,20,206
5,13,148,190
0,32,4,67
192,0,0,16
128,77,26,174
192,0,0,16
128,12,25,238
192,0,0,16
128,12,153,254
0,136,16,16
5,13,21,126
5,13,149,110
0,32,4,67
192,0,0,16
128,77,26,190
192,0,0,16
128,12,26,14
192,0,0,16
128,12,154,30
0,136,16,16
5,13,21,238
5,13,149,222
0,32,4,67
192,0,0,16
128,77,26,206
192,0,0,16
128,12,26,46
192,0,0,16
128,12,154,62
0,136,16,16
5,13,22,126
5,13,150,46
0,32,4,67
192,0,0,16
128,77,26,222
192,0,0,16
128,12,26,78
192,0,0,16
128,12,154,94
0,136,16,16
5,13,23,46
5,13,151,30
0,32,4,67
192,0,0,16
128,77,26,238
192,0,0,16
128,12,26,110
192,0,0,16
128,12,154,126
0,136,16,16
5,13,23,254
5,13,151,78
0,32,4,67
192,0,0,16
128,77,26,254
192,0,0,16
128,12,25,142
192,0,0,16
128,12,153,158
11,33,253,96
11,37,253,100
0,0,0,0
0,0,0,0
0,0,0,0
0,0,192,14
0,0,200,30
0,0,208,46
192,0,60,0
128,0,0,201
0,0,0,0
192,0,10,0
136,0,253,104
192,0,0,16
128,12,25,174
192,0,0,16
128,12,153,190
11,33,253,96
11,37,253,100
0,0,0,0
0,0,0,0
0,0,0,0
0,0,192,14
0,0,200,30
0,0,208,46
192,0,60,0
128,0,0,203
0,0,0,0
192,0,10,0
136,0,253,104
192,0,0,16
128,12,25,206
192,0,0,16
128,12,153,222
11,33,253,96
11,37,253,100
0,0,0,0
0,0,0,0
0,0,0,0
0,0,192,14
0,0,200,30
0,0,208,46
192,0,60,0
128,0,0,205
0,0,0,0
192,0,10,0
136,0,253,104
192,0,0,16
128,12,25,238
192,0,0,16
128,12,153,254
11,33,253,96
11,37,253,100
0,0,0,0
0,0,0,0
0,0,0,0
0,0,192,14
0,0,200,30
0,0,208,46
192,0,60,0
128,0,0,207
0,0,0,0
192,0,10,0
136,0,253,104
192,0,0,16
128,12,26,14
192,0,0,16
128,12,154,30
11,33,253,96
11,37,253,100
0,0,0,0
0,0,0,0
0,0,0,0
0,0,192,14
0,0,200,30
0,0,208,46
192,0,60,0
128,0,0,209
0,0,0,0
192,0,10,0
136,0,253,104
192,0,0,16
128,12,26,46
192,0,0,16
128,12,154,62
11,33,253,96
11,37,253,100
0,0,0,0
0,0,0,0
0,0,0,0
0,0,192,14
0,0,200,30
0,0,208,46
192,0,60,0
128,0,0,211
0,0,0,0
192,0,10,0
136,0,253,104
192,0,0,16
128,12,26,78
192,0,0,16
128,12,154,94
11,33,253,96
11,37,253,100
0,0,0,0
0,0,0,0
0,0,0,0
0,0,192,14
0,0,200,30
0,0,208,46
192,0,60,0
128,0,0,213
0,0,0,0
192,0,10,0
136,0,253,104
192,0,0,16
128,12,26,110
192,0,0,16
128,12,154,126
11,33,253,96
11,37,253,100
0,0,0,0
0,0,0,0
0,0,0,0
0,0,192,14
0,0,200,30
0,0,208,46
192,0,60,0
128,0,0,215
0,0,0,0
192,0,10,0
136,0,253,104
192,0,0,16
128,12,26,142
5,44,17,238
0,132,0,8
192,0,0,16
128,76,27,14
192,0,0,16
128,12,26,158
5,44,18,30
0,132,0,8
192,0,0,16
128,76,27,30
192,0,0,16
128,12,26,174
5,44,18,78
0,132,0,8
192,0,0,16
128,76,27,46
192,0,0,16
128,12,26,190
5,44,18,126
0,132,0,8
192,0,0,16
128,76,27,62
192,0,0,16
128,12,26,206
5,44,18,174
0,132,0,8
192,0,0,16
128,76,27,78
192,0,0,16
128,12,26,222
5,44,18,222
0,132,0,8
192,0,0,16
128,76,27,94
192,0,0,16
128,12,26,238
5,44,19,14
0,132,0,8
192,0,0,16
128,76,27,110
192,0,0,16
128,12,26,254
5,44,19,62
0,132,0,8
192,0,0,16
128,76,27,126
192,0,0,24
128,32,155,14
12,1,0,15
192,0,0,24
176,128,17,174
13,1,0,15
192,0,0,24
128,64,27,158
192,0,0,24
128,32,155,30
12,1,0,16
192,0,0,24
176,128,17,206
13,1,0,16
192,0,0,24
128,64,27,190
192,0,0,24
128,32,155,46
12,1,0,17
192,0,0,24
176,128,17,238
13,1,0,17
192,0,0,24
128,64,27,222
192,0,0,24
128,32,155,62
12,1,0,18
192,0,0,24
176,128,18,14
13,1,0,18
192,0,0,24
128,64,27,254
192,0,0,24
128,32,155,78
12,1,0,19
192,0,0,24
176,128,18,46
13,1,0,19
192,0,0,24
128,64,28,30
192,0,0,24
128,32,155,94
12,1,0,20
192,0,0,24
176,128,18,78
13,1,0,20
192,0,0,24
128,64,28,62
192,0,0,24
128,32,155,110
12,1,0,21
192,0,0,24
176,128,18,110
13,1,0,21
192,0,0,24
128,64,28,94
192,0,0,24
128,32,155,126
12,1,0,22
192,0,0,24
176,128,18,142
13,1,0,22
192,0,0,24
128,64,28,126
192,0,0,16
128,12,27,142
192,0,0,16
128,12,155,158
0,132,16,1
192,0,0,16
128,76,28,142
192,0,0,16
128,12,27,174
192,0,0,16
128,12,155,190
0,132,16,1
192,0,0,16
128,76,28,174
192,0,0,16
128,12,27,206
192,0,0,16
128,12,155,222
0,132,16,1
192,0,0,16
128,76,28,206
192,0,0,16
128,12,27,238
192,0,0,16
128,12,155,254
0,132,16,1
192,0,0,16
128,76,28,238
192,0,0,16
128,12,28,14
192,0,0,16
128,12,156,30
0,132,16,1
192,0,0,16
128,76,29,14
192,0,0,16
128,12,28,46
192,0,0,16
128,12,156,62
0,132,16,1
192,0,0,16
128,76,29,46
192,0,0,16
128,12,28,78
192,0,0,16
128,12,156,94
0,132,16,1
192,0,0,16
128,76,29,78
192,0,0,16
128,12,28,110
192,0,0,16
128,12,156,126
0,132,16,1
192,0,0,16
128,76,29,110
192,0,0,16
128,12,28,142
192,0,0,24
128,0,28,158
0,4,69,0
0,0,0,0
192,0,0,16
128,76,157,142
192,0,0,16
128,12,28,174
192,0,0,24
128,0,28,190
0,4,69,0
0,0,0,0
192,0,0,16
128,76,157,158
192,0,0,16
128,12,28,206
192,0,0,24
128,0,28,222
0,4,69,0
0,0,0,0
192,0,0,16
128,76,157,174
192,0,0,16
128,12,28,238
192,0,0,24
128,0,28,254
0,4,69,0
0,0,0,0
192,0,0,16
128,76,157,190
192,0,0,16
128,12,29,14
192,0,0,24
128,0,29,30
0,4,69,0
0,0,0,0
192,0,0,16
128,76,157,206
192,0,0,16
128,12,29,46
192,0,0,24
128,0,29,62
0,4,69,0
0,0,0,0
192,0,0,16
128,76,157,222
192,0,0,16
128,12,29,78
192,0,0,24
128,0,29,94
0,4,69,0
0,0,0,0
192,0,0,16
128,76,157,238
192,0,0,16
128,12,29,110
192,0,0,24
128,0,29,126
0,4,69,0
0,0,0,0
192,0,0,16
128,76,157,254
192,0,0,16
128,12,27,158
192,0,0,16
128,44,29,142
0,132,0,8
192,0,0,16
128,76,30,14
192,0,0,16
128,12,27,190
192,0,0,16
128,44,29,158
0,132,0,8
192,0,0,16
128,204,16,14
192,0,0,16
128,12,27,222
192,0,0,16
128,44,29,174
0,132,0,8
192,0,0,16
128,76,30,30
192,0,0,16
128,12,27,254
192,0,0,16
128,44,29,190
0,132,0,8
192,0,0,16
128,204,16,30
192,0,0,16
128,12,28,30
192,0,0,16
128,44,29,206
0,132,0,8
192,0,0,16
128,76,30,46
192,0,0,16
128,12,28,62
192,0,0,16
128,44,29,222
0,132,0,8
192,0,0,16
128,204,16,46
192,0,0,16
128,12,28,94
192,0,0,16
128,44,29,238
0,132,0,8
192,0,0,16
128,76,30,62
192,0,0,16
128,12,28,126
192,0,0,16
128,44,29,254
0,132,0,8
192,0,0,16
128,204,16,62
5,12,20,94
192,0,0,24
128,0,30,14
0,4,69,0
0,0,0,0
192,0,0,16
128,76,158,94
5,12,21,142
192,0,0,24
128,0,30,30
0,4,69,0
0,0,0,0
192,0,0,16
128,76,158,126
5,12,22,62
192,0,0,24
128,0,30,46
0,4,69,0
0,0,0,0
192,0,0,16
128,76,158,158
5,12,23,94
192,0,0,24
128,0,30,62
0,4,69,0
0,0,0,0
192,0,0,16
128,76,158,190
192,0,0,16
128,12,30,78
192,0,0,24
128,0,30,94
0,4,69,0
0,0,0,0
192,0,0,16
128,76,158,206
192,0,0,16
128,12,30,110
192,0,0,24
128,0,30,126
0,4,69,0
0,0,0,0
192,0,0,16
128,76,158,238
192,0,0,16
128,12,30,142
192,0,0,24
128,0,30,158
0,4,69,0
0,0,0,0
192,0,0,16
128,76,159,14
192,0,0,16
128,12,30,174
192,0,0,24
128,0,30,190
0,4,69,0
0,0,0,0
192,0,0,16
128,76,159,46
192,0,0,16
128,12,30,206
192,0,0,24
128,0,30,222
0,4,69,0
0,0,0,0
192,0,0,16
128,76,159,78
192,0,0,16
128,12,30,238
192,0,0,24
128,0,30,254
0,4,69,0
0,0,0,0
192,0,0,16
128,76,159,94
192,0,0,16
128,12,31,14
192,0,0,24
128,0,31,30
0,4,69,0
0,0,0,0
192,0,0,16
128,76,159,110
192,0,0,16
128,12,31,46
192,0,0,24
128,0,31,62
0,4,69,0
0,0,0,0
192,0,0,16
128,76,159,126
192,0,0,16
128,12,30,206
192,0,0,16
128,44,31,78
0,132,0,8
192,0,0,16
128,76,31,142
192,0,0,16
128,12,30,238
192,0,0,16
128,44,31,94
0,132,0,8
192,0,0,16
128,76,31,158
192,0,0,16
128,12,31,14
192,0,0,16
128,44,31,110
0,132,0,8
192,0,0,16
128,76,31,174
192,0,0,16
128,12,31,46
192,0,0,16
128,44,31,126
0,132,0,8
192,0,0,16
128,76,31,190
10,37,220,220
8,128,1,27
10,225,1,25
0,0,216,112
0,0,164,216
0,214,33,1
0,0,224,41
7,5,136,0
0,132,25,179
0,4,69,144
192,0,0,16
128,44,159,142
0,244,169,9
0,66,44,8
10,229,1,23
0,148,8,137
11,225,1,25
192,0,0,16
128,76,159,206
10,37,220,220
8,128,1,34
10,225,1,32
0,0,216,112
0,0,164,216
0,214,33,1
0,0,224,41
7,5,136,0
0,132,25,179
0,4,69,144
192,0,0,16
128,44,159,158
0,244,169,9
0,66,44,8
10,229,1,30
0,148,8,137
11,225,1,32
192,0,0,16
128,76,159,222
10,37,220,220
8,128,1,41
10,225,1,39
0,0,216,112
0,0,164,216
0,214,33,1
0,0,224,41
7,5,136,0
0,132,25,179
0,4,69,144
192,0,0,16
128,44,159,174
0,244,169,9
0,66,44,8
10,229,1,37
0,148,8,137
11,225,1,39
192,0,0,16
128,76,159,238
10,37,220,220
8,128,1,48
10,225,1,46
0,0,216,112
0,0,164,216
0,214,33,1
0,0,224,41
7,5,136,0
0,132,25,179
0,4,69,144
192,0,0,16
128,44,159,190
0,244,169,9
0,66,44,8
10,229,1,44
0,148,8,137
11,225,1,46
192,0,0,16
128,76,159,254
10,33,0,169
0,132,48,0
192,0,0,0
130,13,0,1
0,0,216,64
192,0,0,24
128,16,31,206
6,80,64,0
6,0,8,0
192,0,0,24
128,192,16,78
10,33,0,170
0,132,48,0
192,0,0,0
130,13,0,3
0,0,216,64
192,0,0,24
128,16,31,222
6,80,64,0
6,0,8,0
192,0,0,24
128,192,16,94
10,33,0,171
0,132,48,0
192,0,0,0
130,13,0,5
0,0,216,64
192,0,0,24
128,16,31,238
6,80,64,0
6,0,8,0
192,0,0,24
128,192,16,110
10,33,0,172
0,132,48,0
192,0,0,0
130,13,0,7
0,0,216,64
192,0,0,24
128,16,31,254
6,80,64,0
6,0,8,0
192,0,0,24
128,192,16,126
192,0,0,16
128,12,31,206
192,0,0,24
128,128,16,14
0,4,69,0
0,0,0,0
192,0,0,16
128,204,145,14
192,0,0,16
128,12,31,222
192,0,0,24
128,128,16,30
0,4,69,0
0,0,0,0
192,0,0,16
128,204,145,30
192,0,0,16
128,12,31,238
192,0,0,24
128,128,16,46
0,4,69,0
0,0,0,0
192,0,0,16
128,204,145,46
192,0,0,16
128,12,31,254
192,0,0,24
128,128,16,62
0,4,69,0
0,0,0,0
192,0,0,16
128,204,145,62
192,0,0,16
128,12,31,206
192,0,0,16
128,172,16,78
0,132,0,8
192,0,0,16
128,204,16,142
192,0,0,16
128,12,31,222
192,0,0,16
128,172,16,94
0,132,0,8
192,0,0,16
128,204,16,174
192,0,0,16
128,12,31,238
192,0,0,16
128,172,16,110
0,132,0,8
192,0,0,16
128,204,16,206
192,0,0,16
128,12,31,254
192,0,0,16
128,172,16,126
0,132,0,8
192,0,0,16
128,204,16,238
192,0,0,16
128,140,16,142
192,0,0,24
128,128,16,158
0,4,69,0
0,0,0,0
192,0,0,16
128,204,146,174
192,0,0,16
128,140,16,174
192,0,0,24
128,128,16,190
0,4,69,0
0,0,0,0
192,0,0,16
128,204,146,222
192,0,0,16
128,140,16,206
192,0,0,24
128,128,16,222
0,4,69,0
0,0,0,0
192,0,0,16
128,204,147,14
192,0,0,16
128,140,16,238
192,0,0,24
128,128,16,254
0,4,69,0
0,0,0,0
192,0,0,16
128,204,147,62
12,64,1,51
192,0,0,24
128,128,17,14
0,4,0,128
0,0,0,0
192,0,0,16
128,204,17,142
12,64,1,52
192,0,0,24
128,128,17,30
0,4,0,128
0,0,0,0
192,0,0,16
128,204,17,126
12,64,1,53
192,0,0,24
128,128,17,46
0,4,0,128
0,0,0,0
192,0,0,16
128,204,19,110
12,64,1,54
192,0,0,24
128,128,17,62
0,4,0,128
0,0,0,0
192,0,0,16
128,204,17,110
192,0,0,0
130,15,0,173
192,0,0,24
128,144,17,78
192,0,0,24
128,144,145,94
192,0,0,24
128,145,17,110
192,0,0,24
128,145,145,110
6,12,64,64
224,56,128,6
128,0,1,4
192,0,0,24
128,144,17,126
192,0,0,24
128,144,145,142
224,32,128,1
128,0,1,2
0,132,1,16
192,0,0,16
128,204,145,158
192,0,0,24
128,128,17,158
13,0,252,192
192,0,0,24
128,128,17,158
13,0,252,193
192,0,0,16
128,12,26,142
5,76,18,14
192,0,0,16
128,12,26,158
5,76,18,62
192,0,0,16
128,12,26,174
5,76,18,110
192,0,0,16
128,12,26,190
5,76,18,158
192,0,0,16
128,12,26,206
5,76,18,206
192,0,0,16
128,12,26,222
5,76,18,254
192,0,0,16
128,12,26,238
5,76,19,46
192,0,0,16
128,12,26,254
5,76,19,94
192,0,0,16
128,12,30,14
192,0,0,16
128,204,17,190
192,0,0,16
128,140,16,14
192,0,0,16
128,204,17,222
192,0,0,16
128,12,30,30
192,0,0,16
128,204,17,254
192,0,0,16
128,140,16,30
192,0,0,16
128,204,18,30
192,0,0,16
128,12,30,46
192,0,0,16
128,204,18,62
192,0,0,16
128,140,16,46
192,0,0,16
128,204,18,94
192,0,0,16
128,12,30,62
192,0,0,16
128,204,18,126
192,0,0,16
128,140,16,62
192,0,0,16
128,204,18,158
192,0,0,16
128,140,18,174
192,0,0,16
128,204,18,206
192,0,0,16
128,140,18,222
192,0,0,16
128,204,18,254
192,0,0,16
128,140,19,14
192,0,0,16
128,204,19,46
192,0,0,16
128,140,19,62
192,0,0,16
128,204,19,94
8,128,0,16
8,130,0,20
0,0,32,1
0,0,33,1
9,128,0,16
9,130,0,20
0,0,0,2
12,16,244,96
2,194,0,0
0,0,0,0
0,0,0,0
1262
0,0
0,0,0,0
0,0,0,0
0,0,0,0
0,0,0,0
0,0,0,0
0,0,0,0
0,0,0,0
0,0,0,0
0,0,0,0
0,0,0,0
0,0,0,0
0,0,0,0
0,0,0,0
0,0,0,0
0,0,0,0
0,0,0,0
0,0,0,180
0,0,0,180
0,0,0,8
0,0,0,0
0,0,0,24
0,0,0,24
0,0,1,56
0,0,0,0
0,0,0,0
0,0,32,138
1,0,0,0
0,0,0,0
1,0,0,0
0,0,32,138
0,0,0,0
1,0,0,0
0,0,32,138
0,128,0,0
0,128,0,0
0,128,0,0
0,128,0,0
0,128,0,0
0,128,0,0
0,128,0,0
0,128,0,0
0,0,0,0
0,0,0,0
0,0,0,0
0,0,0,0
0,0,0,0
0,0,0,0
0,0,0,0
0,0,0,0
0,0,0,55
0,0,0,55
0,0,0,55
0,0,0,56
0,0,0,57
0,0,0,58
0,0,0,59
0,0,0,60
0,0,0,62
0,0,0,63
0,0,0,64
0,0,0,65
0,0,0,66
0,0,0,67
0,0,0,68
0,0,0,69
0,0,0,70
0,0,0,71
0,0,0,72
0,0,0,72
0,0,0,68
0,0,0,68
0,0,0,68
0,0,0,68
0,0,0,68
0,0,0,73
0,0,0,75
0,0,0,75
0,0,0,75
0,0,0,76
0,0,0,77
0,0,0,58
0,0,0,59
0,0,0,78
0,0,0,80
0,0,0,81
0,0,0,82
0,0,0,83
0,0,0,84
0,0,0,85
0,0,0,86
0,0,0,86
0,0,0,86
0,0,0,86
0,0,0,86
0,0,0,87
0,0,0,86
0,0,0,88
0,0,0,89
0,0,0,90
0,0,0,91
0,0,0,91
0,0,0,93
0,0,0,93
0,0,0,93
0,0,0,94
0,0,0,95
0,0,0,58
0,0,0,59
0,0,0,96
0,0,0,98
0,0,0,99
0,0,0,100
0,0,0,101
0,0,0,102
0,0,0,102
0,0,0,98
0,0,0,98
0,0,0,98
0,0,0,98
0,0,0,98
0,0,0,103
0,0,0,104
0,0,0,105
0,0,0,106
0,0,0,107
0,0,0,108
0,0,0,109
0,0,0,111
0,0,0,58
0,0,0,59
0,0,0,112
0,0,0,113
0,0,0,113
0,0,0,113
0,0,0,114
0,0,0,116
0,0,0,117
0,0,0,118
0,0,0,119
0,0,0,120
0,0,0,120
0,0,0,121
0,0,0,122
0,0,0,123
0,0,0,124
0,0,0,125
0,0,0,126
0,0,0,116
0,0,0,116
0,0,0,116
0,0,0,116
0,0,0,116
0,0,0,127
0,0,0,16
0,0,0,128
0,0,0,129
0,0,0,129
0,0,0,19
0,0,0,130
0,0,0,131
0,0,0,131
0,0,0,20
0,0,0,132
0,0,0,133
0,0,0,133
0,0,0,21
0,0,0,134
0,0,0,135
0,0,0,135
0,0,0,1
0,0,0,1
0,0,0,1
0,0,0,1
1,0,0,0
1,0,0,0
1,0,0,0
1,0,0,0
1,0,0,0
1,0,0,0
0,0,0,0
0,0,0,0
0,0,0,0
0,0,0,0
0,0,0,0
0,0,0,0
0,0,0,0
0,0,0,0
0,0,0,0
1,0,0,0
100,0,0,0
0,0,0,0
1,0,0,0
100,0,0,0
0,0,0,0
0,0,4,176
0,0,3,32
1,0,0,0
0,0,46,224
0,0,46,224
0,0,23,112
0,204,204,205
1,0,0,0
0,0,0,0
0,253,112,164
0,128,0,0
4,0,0,0
0,213,85,85
0,0,150,48
0,0,0,100
0,0,0,0
1,0,0,0
100,0,0,0
0,0,0,0
1,0,0,0
100,0,0,0
0,0,0,0
0,0,4,176
0,0,3,32
1,0,0,0
0,0,46,224
0,0,46,224
0,0,23,112
0,204,204,205
1,0,0,0
0,0,0,0
0,253,112,164
0,128,0,0
4,0,0,0
0,213,85,85
0,0,150,48
0,0,0,100
0,0,0,0
1,0,0,0
100,0,0,0
0,0,0,0
1,0,0,0
100,0,0,0
0,0,0,0
0,0,4,176
0,0,3,32
1,0,0,0
0,0,46,224
0,0,46,224
0,0,23,112
0,204,204,205
1,0,0,0
0,0,0,0
0,253,112,164
0,128,0,0
4,0,0,0
0,213,85,85
0,0,150,48
0,0,0,100
0,0,0,0
1,0,0,0
100,0,0,0
0,0,0,0
1,0,0,0
100,0,0,0
0,0,0,0
0,0,4,176
0,0,3,32
1,0,0,0
0,0,46,224
0,0,46,224
0,0,23,112
0,204,204,205
1,0,0,0
0,0,0,0
0,253,112,164
0,128,0,0
4,0,0,0
0,213,85,85
0,0,150,48
0,0,0,100
0,204,204,205
4,0,0,0
0,0,46,224
0,0,93,192
0,0,7,255
255,255,255,255
0,0,0,0
0,0,0,0
0,0,192,0
0,0,192,0
0,0,8,0
0,0,7,255
255,255,255,255
0,0,0,0
0,0,0,0
0,0,192,0
0,0,192,0
0,0,8,0
0,0,7,255
255,255,255,255
0,0,0,0
0,0,0,0
0,0,192,0
0,0,192,0
0,0,8,0
0,0,7,255
255,255,255,255
0,0,0,0
0,0,0,0
0,0,192,0
0,0,192,0
0,0,8,0
0,16,39,11
0,16,39,11
0,16,39,11
0,16,39,11
0,0,0,0
0,0,0,0
0,0,0,0
0,0,0,0
1362
96,0
0,0,0,0
0,0,0,0
0,0,0,0
0,0,0,0
0,0,0,0
0,0,0,0
0,0,0,0
0,0,0,0
0,0,0,0
0,0,0,0
0,0,0,0
0,0,0,0
0,0,0,0
0,0,0,0
0,0,0,0
0,0,0,0
0,0,0,0
0,0,0,0
0,0,0,0
0,0,0,0
0,0,0,0
0,0,0,0
0,0,0,0
0,0,0,0
0,0,0,0
0,0,0,0
0,0,0,0
0,0,0,0
0,0,0,0
0,0,0,0
0,0,0,0
0,0,0,0
0,0,0,0
0,0,0,0
0,0,0,0
0,0,0,0
0,0,0,0
0,0,0,0
0,0,0,0
0,0,0,0
0,0,0,0
0,0,0,0
0,0,0,0
0,0,0,0
0,0,0,0
0,0,0,0
0,0,0,0
0,0,0,0
0,0,0,0
0,0,0,0
0,0,0,0
0,0,0,0
0,0,0,0
0,0,0,0
0,0,0,0
0,0,0,0
0,0,0,0
0,0,0,0
0,0,0,0
0,0,0,0
0,0,0,0
0,0,0,0
0,0,0,0
0,0,0,0
0,0,0,0
0,0,0,0
0,0,0,0
0,0,0,0
0,0,0,0
0,0,0,0
0,0,0,0
0,0,0,0
0,0,0,0
0,0,0,0
0,0,0,0
0,0,0,0
0,0,0,0
0,0,0,0
0,0,0,0
0,0,0,0
0,0,0,0
0,0,0,0
0,0,0,0
0,0,0,0
0,0,0,0
0,0,0,0
0,0,0,0
0,0,0,0
0,0,0,0
0,0,0,0
0,0,0,0
0,0,0,0
0,0,0,0
0,0,0,0
0,0,0,0
0,0,0,0
0,0,0,0
0,0,0,0
0,0,0,0
0,0,0,0
0,0,0,0
0,0,0,0
0,0,0,0
0,0,0,0
0,0,0,0
0,0,0,0
0,0,0,0
0,0,0,0
0,0,0,0
0,0,0,0
0,0,0,0
0,0,0,0
0,0,0,0
0,0,0,0
0,0,0,0
0,0,0,0
0,0,0,0
0,0,0,0
0,0,0,0
0,0,0,0
0,0,0,0
0,0,0,0
0,0,0,0
0,0,0,0
0,0,0,0
0,0,0,0
0,0,0,0
0,0,0,0
0,0,0,0
0,0,0,0
0,0,0,0
0,0,0,0
0,0,0,0
0,0,0,0
0,0,0,0
0,0,0,0
0,0,0,0
0,0,0,0
0,0,0,0
0,0,0,0
0,0,0,0
0,0,0,0
0,0,0,0
0,0,0,0
0,0,0,0
0,0,0,0
0,0,0,0
0,0,0,0
0,0,0,0
0,0,0,0
0,0,0,0
0,0,0,0
0,0,0,0
0,0,0,0
0,0,0,0
0,0,0,0
0,0,0,0
0,0,0,0
0,0,0,0
0,0,0,0
0,0,0,0
0,0,0,0
0,0,0,0
0,0,0,0
0,0,0,0
0,0,0,0
0,0,0,0
0,0,0,0
0,0,0,0
0,0,0,0
0,0,0,0
0,0,0,0
0,0,0,0
0,0,0,0
0,0,0,0
0,0,0,0
0,0,0,0
0,0,0,0
0,0,0,0
0,0,0,0
0,0,0,0
0,0,0,0
0,0,0,0
0,0,0,0
0,0,0,0
0,0,0,0
0,0,0,0
0,0,0,0
0,0,0,0
0,0,0,0
0,0,0,0
0,0,0,0
0,0,0,0
0,0,0,0
0,0,0,0
0,0,0,0
0,0,0,0
0,0,0,0
0,0,0,0
0,0,0,0
0,0,0,0
0,0,0,0
0,0,0,0
0,0,0,0
0,0,0,0
0,0,0,0
0,0,0,0
0,0,0,0
0,0,0,0
0,0,0,0
0,0,0,0
0,0,0,0
0,0,0,0
0,0,0,0
0,0,0,0
0,0,0,0
0,0,0,0
0,0,0,0
0,0,0,0
0,0,0,0
0,0,0,0
0,0,0,0
0,0,0,0
0,0,0,0
0,0,0,0
0,0,0,0
0,0,0,0
0,0,0,0
0,0,0,0
0,0,0,0
0,0,0,0
0,0,0,0
0,0,0,0
0,0,0,0
0,0,0,0
0,0,0,0
0,0,0,0
0,0,0,0
0,0,0,0
0,0,0,0
0,0,0,0
0,0,0,0
0,0,0,0
0,0,0,0
0,0,0,0
0,0,0,0
0,0,0,0
0,0,0,0
0,0,0,0
0,0,0,0
0,0,0,0
0,0,0,0
0,0,0,0
0,0,0,0
0,0,0,0
0,0,0,0
0,0,0,0
0,0,0,0
0,0,0,0
0,0,0,0
0,0,0,0
0,0,0,0
0,0,0,0
0,0,0,0
0,0,0,0
0,0,0,0
0,0,0,0
0,0,0,0
0,0,0,0
0,0,0,0
0,0,0,0
0,0,0,0
0,0,0,0
0,0,0,0
0,0,0,0
0,0,0,0
0,0,0,0
0,0,0,0
0,0,0,0
0,0,0,0
0,0,0,0
0,0,0,0
0,0,0,0
0,0,0,0
0,0,0,0
0,0,0,0
0,0,0,0
0,0,0,0
0,0,0,0
0,0,0,0
0,0,0,0
0,0,0,0
0,0,0,0
0,0,0,0
0,0,0,0
0,0,0,0
0,0,0,0
0,0,0,0
0,0,0,0
0,0,0,0
0,0,0,0
0,0,0,0
0,0,0,0
0,0,0,0
0,0,0,0
0,0,0,0
0,0,0,0
0,0,0,0
0,0,0,0
0,0,0,0
0,0,0,0
0,0,0,0
0,0,0,0
0,0,0,0
0,0,0,0
0,0,0,0
0,0,0,0
0,0,0,0
0,0,0,0
0,0,0,0
0,0,0,0
0,0,0,0
0,0,0,0
0,0,0,0
0,0,0,0
0,0,0,0
0,0,0,0
0,0,0,0
0,0,0,0
0,0,0,0
0,0,0,0
0,0,0,0
0,0,0,0
0,0,0,0
0,0,0,0
0,0,0,0
0,0,0,0
0,0,0,0
0,0,0,0
0,0,0,0
4
244,3
0,0
4
244,4
0,0
4
244,1
0,2
4
244,2
0,0
4
244,2
0,1
4
0,0
0,1
4
244,0
0,0
