<beometa>
sampleRate:48000
midi_osc,addr:201,aAddr:200,vAddr:394,min:0,max:0,format:824,midi_id:8
midi_osc,addr:212,aAddr:211,vAddr:395,min:0,max:0,format:824,midi_id:7
midi_osc,addr:223,aAddr:222,vAddr:396,min:0,max:0,format:824,midi_id:6
midi_osc,addr:234,aAddr:233,vAddr:397,min:0,max:0,format:824,midi_id:5
midi_osc,addr:245,aAddr:244,vAddr:398,min:0,max:0,format:824,midi_id:4
midi_osc,addr:256,aAddr:255,vAddr:399,min:0,max:0,format:824,midi_id:3
midi_osc,addr:267,aAddr:266,vAddr:400,min:0,max:0,format:824,midi_id:2
midi_osc,addr:278,aAddr:277,vAddr:401,min:0,max:0,format:824,midi_id:1
midi_knob,addr:279,aAddr:,vAddr:,min:0,max:10,format:824,midi_id:1
midi_knob,addr:280,aAddr:,vAddr:,min:0.1,max:2,format:824,midi_id:2
midi_knob,addr:281,aAddr:,vAddr:,min:1,max:10,format:824,midi_id:3
<program>
4
248,144
0,0
4
248,144
0,1
4
0,0
0,255
4
244,0
0,0
4
244,0
0,1
4
0,0
0,255
4
244,3
0,0
4
244,3
0,1
4
240,3
0,0
4
240,0
0,96
4
240,1
0,2
4
240,2
0,1
4
240,5
0,7
4
240,3
0,1
4
0,0
0,255
4
240,80
31,255
4
240,81
0,31
4
245,129
7,255
4
245,22
0,7
4
245,23
0,7
4
245,24
0,12
4
245,25
0,112
4
245,38
0,1
4
247,148
0,24
4
247,149
0,24
4
247,150
0,24
4
247,151
0,24
4
247,152
0,24
4
247,153
0,10
4
247,155
0,8
4
247,156
0,8
4
247,157
0,24
4
247,158
0,24
4
247,160
0,15
4
247,163
0,31
4
241,0
0,1
4
241,1
0,64
4
241,7
0,3
4
241,64
0,6
4
241,65
0,5
4
241,71
0,6
4
241,128
0,2
4
241,129
0,2
4
241,130
0,2
4
241,131
0,2
4
241,132
0,2
4
241,133
0,2
4
241,134
0,2
4
241,135
0,2
4
241,136
0,2
4
241,137
0,2
4
241,138
0,2
4
241,139
0,2
4
241,140
0,2
4
241,141
0,2
4
241,142
0,2
4
241,143
0,2
4
241,144
0,2
4
241,145
0,2
4
241,146
0,2
4
241,147
0,2
4
241,148
0,2
4
241,149
0,2
4
241,150
0,2
4
241,151
0,2
4
241,192
0,1
4
242,0
0,64
4
242,4
144,0
4
242,8
72,0
4
242,12
108,0
4
242,16
144,0
4
242,20
144,0
4
242,24
144,0
4
242,28
144,0
4
246,4
0,1
4
246,144
0,1
7406
192,0
0,0,0,2
12,0,220,220
13,0,255,210
13,0,255,208
13,0,244,80
13,0,244,0
192,0,35,128
128,0,0,0
192,0,35,0
128,0,0,0
192,0,35,192
128,0,0,16
192,0,34,0
128,0,0,0
8,128,220,224
12,0,220,220
192,0,40,48
128,0,1,52
192,0,48,0
128,0,0,8
1,0,0,22
6,64,80,16
192,0,32,0
128,0,0,41
13,0,255,193
192,0,32,0
128,0,0,1
13,0,244,98
192,0,32,0
128,0,0,0
13,0,244,98
192,0,32,0
128,0,0,2
13,0,255,209
0,0,0,3
13,0,255,210
0,0,0,5
0,0,0,0
0,0,0,0
2,1,0,36
0,0,0,0
0,0,0,0
8,158,220,224
8,156,0,16
0,0,0,0
192,0,0,0
130,79,0,0
8,138,220,224
10,35,0,6
0,140,32,0
10,167,0,5
2,9,0,64
192,0,40,112
128,0,96,0
0,140,17,145
0,0,0,35
0,0,0,0
48,0,188,233
0,0,194,241
1,0,0,63
6,0,80,20
54,64,80,21
38,64,64,21
9,43,0,6
0,0,0,0
12,0,0,191
6,64,20,190
12,0,0,192
6,64,20,158
12,0,0,193
6,64,21,30
12,0,0,194
6,64,20,206
12,0,0,195
6,64,20,222
12,0,0,196
6,64,21,14
12,0,0,197
6,64,20,254
12,0,0,198
6,64,20,238
12,0,0,199
6,64,20,174
12,0,0,200
6,64,16,126
12,0,0,201
6,64,17,110
12,0,0,202
6,64,21,126
12,0,0,203
6,64,21,174
12,0,0,204
6,64,21,142
12,0,0,205
6,64,21,190
12,0,0,206
6,64,21,62
12,0,0,207
6,64,21,110
12,0,0,208
6,64,21,94
12,0,0,209
6,64,21,78
12,0,0,210
6,64,21,158
12,0,0,211
6,64,16,158
12,0,0,212
6,64,17,142
12,0,0,213
6,64,21,254
12,0,0,214
6,64,21,222
12,0,0,215
6,64,22,94
12,0,0,216
6,64,22,14
12,0,0,217
6,64,22,30
12,0,0,218
6,64,22,78
12,0,0,219
6,64,22,62
12,0,0,220
6,64,22,46
12,0,0,221
6,64,21,238
12,0,0,222
6,64,16,190
12,0,0,223
6,64,17,158
12,0,0,224
6,64,22,126
12,0,0,225
6,64,22,238
12,0,0,226
6,64,22,142
12,0,0,227
6,64,22,254
12,0,0,228
6,64,22,174
12,0,0,229
6,64,22,222
12,0,0,230
6,64,22,206
12,0,0,231
6,64,22,190
12,0,0,232
6,64,22,158
12,0,0,233
6,64,16,222
12,0,0,234
6,64,17,174
12,0,0,235
6,64,23,30
12,0,0,236
6,64,23,142
12,0,0,237
6,64,23,46
12,0,0,238
6,64,23,158
12,0,0,239
6,64,23,78
12,0,0,240
6,64,23,126
12,0,0,241
6,64,23,110
12,0,0,242
6,64,23,94
12,0,0,243
6,64,23,62
12,0,0,244
6,64,16,254
12,0,0,245
6,64,17,190
12,0,0,246
6,64,23,254
12,0,0,247
192,0,0,24
128,64,24,46
12,0,0,248
192,0,0,24
128,64,24,14
12,0,0,249
192,0,0,24
128,64,24,62
12,0,0,250
6,64,23,190
12,0,0,251
6,64,23,238
12,0,0,252
6,64,23,222
12,0,0,253
6,64,23,206
12,0,0,254
192,0,0,24
128,64,24,30
12,0,0,255
6,64,17,30
12,0,1,0
6,64,17,206
12,0,1,1
192,0,0,24
128,64,24,190
12,0,1,2
192,0,0,24
128,64,24,158
12,0,1,3
192,0,0,24
128,64,24,222
12,0,1,4
192,0,0,24
128,64,24,206
12,0,1,5
192,0,0,24
128,64,24,94
12,0,1,6
192,0,0,24
128,64,24,142
12,0,1,7
192,0,0,24
128,64,24,126
12,0,1,8
192,0,0,24
128,64,24,110
12,0,1,9
192,0,0,24
128,64,24,174
12,0,1,10
6,64,17,62
12,0,1,11
6,64,17,222
12,0,1,12
192,0,0,24
128,64,25,62
12,0,1,13
192,0,0,24
128,64,25,110
12,0,1,14
192,0,0,24
128,64,25,78
12,0,1,15
192,0,0,24
128,64,25,126
12,0,1,16
192,0,0,24
128,64,24,254
12,0,1,17
192,0,0,24
128,64,25,46
12,0,1,18
192,0,0,24
128,64,25,30
12,0,1,19
192,0,0,24
128,64,25,14
12,0,1,20
192,0,0,24
128,64,25,94
12,0,1,21
6,64,17,94
12,0,1,22
6,64,17,238
12,0,252,48
6,64,16,14
12,0,252,49
6,64,16,30
12,0,1,23
6,64,19,254
12,0,1,24
6,64,16,94
12,0,1,25
6,64,16,78
192,0,8,15
141,128,0,21
192,0,8,15
141,132,0,22
192,0,8,15
141,148,0,20
6,16,16,14
6,16,144,30
12,1,253,160
0,16,0,8
13,0,0,20
5,76,16,46
5,108,16,62
192,0,8,15
141,128,0,25
192,0,8,15
141,132,0,24
192,0,8,15
141,148,0,23
6,16,16,46
12,1,253,160
0,4,0,8
13,0,0,23
192,0,0,16
128,76,31,142
192,0,8,15
141,128,0,28
192,0,8,15
141,132,0,27
192,0,8,15
141,148,0,26
6,16,16,62
12,1,253,160
0,4,0,8
13,0,0,26
192,0,0,16
128,76,31,158
5,12,16,78
6,0,16,94
0,4,69,0
0,0,0,0
5,76,145,126
5,12,16,126
0,136,32,0
10,37,0,29
0,32,6,48
5,76,146,126
5,12,16,110
5,44,16,126
10,37,0,30
0,140,16,1
0,140,24,129
0,0,180,34
0,0,188,35
0,156,32,8
0,32,6,24
5,76,17,254
5,12,16,158
0,136,32,0
10,37,0,31
0,32,6,48
5,76,146,158
5,12,16,142
5,44,16,158
10,37,0,32
0,140,16,1
0,140,24,129
0,0,180,34
0,0,188,35
0,156,32,8
0,32,6,24
5,76,18,14
5,12,16,190
0,136,32,0
10,37,0,33
0,32,6,48
5,76,146,190
5,12,16,174
5,44,16,190
10,37,0,34
0,140,16,1
0,140,24,129
0,0,180,34
0,0,188,35
0,156,32,8
0,32,6,24
5,76,18,30
5,12,16,206
5,44,16,222
10,37,0,35
0,140,16,1
0,140,24,129
0,0,180,34
0,0,188,35
0,156,32,8
0,32,6,24
5,76,18,46
5,12,16,222
0,136,32,0
10,37,0,36
0,32,6,48
5,76,146,222
5,12,16,254
0,136,32,0
10,37,0,37
0,32,6,48
5,76,146,254
5,12,16,238
5,44,16,254
10,37,0,38
0,140,16,1
0,140,24,129
0,0,180,34
0,0,188,35
0,156,32,8
0,32,6,24
5,76,18,62
5,12,17,30
0,136,32,0
10,37,0,39
0,32,6,48
5,76,147,30
5,12,17,14
5,44,17,30
10,37,0,40
0,140,16,1
0,140,24,129
0,0,180,34
0,0,188,35
0,156,32,8
0,32,6,24
5,76,18,78
5,12,17,46
5,44,17,62
10,37,0,41
0,140,16,1
0,140,24,129
0,0,180,34
0,0,188,35
0,156,32,8
0,32,6,24
5,76,18,94
5,12,17,62
0,136,32,0
10,37,0,42
0,32,6,48
5,76,147,62
5,12,17,94
0,136,32,0
10,37,0,43
0,32,6,48
5,76,147,94
5,12,17,78
5,44,17,94
10,37,0,44
0,140,16,1
0,140,24,129
0,0,180,34
0,0,188,35
0,156,32,8
0,32,6,24
5,76,18,110
5,12,17,110
6,0,17,126
0,4,69,0
0,0,0,0
5,76,147,126
5,12,17,142
6,0,17,126
0,4,69,0
0,0,0,0
5,76,147,142
5,12,17,158
6,0,17,126
0,4,69,0
0,0,0,0
5,76,147,158
5,12,17,174
6,0,17,126
0,4,69,0
0,0,0,0
5,76,147,174
5,12,17,190
6,0,17,126
0,4,69,0
0,0,0,0
5,76,147,190
5,12,17,206
6,0,17,126
0,4,69,0
0,0,0,0
5,76,147,206
5,12,17,222
6,0,17,126
0,4,69,0
0,0,0,0
5,76,147,222
5,12,17,238
6,0,17,126
0,4,69,0
0,0,0,0
5,76,147,238
5,12,17,254
192,0,0,16
128,172,16,62
0,132,0,8
5,76,18,142
5,12,18,14
192,0,0,16
128,172,16,110
0,132,0,8
5,76,18,174
5,12,18,30
192,0,0,16
128,172,16,158
0,132,0,8
5,76,18,206
5,12,18,46
192,0,0,16
128,172,16,206
0,132,0,8
5,76,18,238
5,12,18,62
192,0,0,16
128,172,16,254
0,132,0,8
5,76,19,14
5,12,18,78
192,0,0,16
128,172,17,46
0,132,0,8
5,76,19,46
5,12,18,94
192,0,0,16
128,172,17,94
0,132,0,8
5,76,19,78
5,12,18,110
192,0,0,16
128,172,17,142
0,132,0,8
5,76,19,110
5,44,18,126
6,32,144,126
10,33,0,45
54,32,146,142
0,136,32,8
48,133,128,0
0,32,6,16
11,33,0,45
5,76,20,142
5,44,18,158
6,32,144,158
10,33,0,46
54,32,146,174
0,136,32,8
48,133,128,0
0,32,6,16
11,33,0,46
5,76,21,46
5,44,18,190
6,32,144,190
10,33,0,47
54,32,146,206
0,136,32,8
48,133,128,0
0,32,6,16
11,33,0,47
5,76,21,206
5,44,18,222
6,32,144,222
10,33,0,48
54,32,146,238
0,136,32,8
48,133,128,0
0,32,6,16
11,33,0,48
5,76,22,110
5,44,18,254
6,32,144,254
10,33,0,49
54,32,147,14
0,136,32,8
48,133,128,0
0,32,6,16
11,33,0,49
5,76,23,14
5,44,19,30
6,32,145,30
10,33,0,50
54,32,147,46
0,136,32,8
48,133,128,0
0,32,6,16
11,33,0,50
5,76,23,174
5,44,19,62
6,32,145,62
10,33,0,51
54,32,147,78
0,136,32,8
48,133,128,0
0,32,6,16
11,33,0,51
192,0,0,16
128,76,24,78
5,44,19,94
6,32,145,94
10,33,0,52
54,32,147,110
0,136,32,8
48,133,128,0
0,32,6,16
11,33,0,52
192,0,0,16
128,76,24,238
10,37,220,220
8,128,1,30
10,225,1,28
0,0,216,112
0,0,164,216
0,214,33,1
0,0,224,41
7,5,136,0
0,132,25,179
0,4,69,144
5,44,147,126
0,244,169,9
0,66,44,8
10,229,1,26
0,148,8,137
11,225,1,28
5,76,148,14
10,37,220,220
8,128,1,37
10,225,1,35
0,0,216,112
0,0,164,216
0,214,33,1
0,0,224,41
7,5,136,0
0,132,25,179
0,4,69,144
5,44,147,142
0,244,169,9
0,66,44,8
10,229,1,33
0,148,8,137
11,225,1,35
5,76,148,30
10,37,220,220
8,128,1,44
10,225,1,42
0,0,216,112
0,0,164,216
0,214,33,1
0,0,224,41
7,5,136,0
0,132,25,179
0,4,69,144
5,44,147,158
0,244,169,9
0,66,44,8
10,229,1,40
0,148,8,137
11,225,1,42
5,76,148,46
10,37,220,220
8,128,1,51
10,225,1,49
0,0,216,112
0,0,164,216
0,214,33,1
0,0,224,41
7,5,136,0
0,132,25,179
0,4,69,144
5,44,147,174
0,244,169,9
0,66,44,8
10,229,1,47
0,148,8,137
11,225,1,49
5,76,148,62
10,37,220,220
8,128,1,58
10,225,1,56
0,0,216,112
0,0,164,216
0,214,33,1
0,0,224,41
7,5,136,0
0,132,25,179
0,4,69,144
5,44,147,190
0,244,169,9
0,66,44,8
10,229,1,54
0,148,8,137
11,225,1,56
5,76,148,78
10,37,220,220
8,128,1,65
10,225,1,63
0,0,216,112
0,0,164,216
0,214,33,1
0,0,224,41
7,5,136,0
0,132,25,179
0,4,69,144
5,44,147,206
0,244,169,9
0,66,44,8
10,229,1,61
0,148,8,137
11,225,1,63
5,76,148,94
10,37,220,220
8,128,1,72
10,225,1,70
0,0,216,112
0,0,164,216
0,214,33,1
0,0,224,41
7,5,136,0
0,132,25,179
0,4,69,144
5,44,147,222
0,244,169,9
0,66,44,8
10,229,1,68
0,148,8,137
11,225,1,70
5,76,148,110
10,37,220,220
8,128,1,79
10,225,1,77
0,0,216,112
0,0,164,216
0,214,33,1
0,0,224,41
7,5,136,0
0,132,25,179
0,4,69,144
5,44,147,238
0,244,169,9
0,66,44,8
10,229,1,75
0,148,8,137
11,225,1,77
5,76,148,126
5,12,19,254
6,0,20,14
0,4,69,0
0,0,0,0
192,0,0,16
128,76,153,142
5,12,19,254
6,0,20,30
0,4,69,0
0,0,0,0
192,0,0,16
128,76,153,158
5,12,19,254
6,0,20,46
0,4,69,0
0,0,0,0
192,0,0,16
128,76,153,174
5,12,19,254
6,0,20,62
0,4,69,0
0,0,0,0
192,0,0,16
128,76,153,190
5,12,19,254
6,0,20,78
0,4,69,0
0,0,0,0
192,0,0,16
128,76,153,206
5,12,19,254
6,0,20,94
0,4,69,0
0,0,0,0
192,0,0,16
128,76,153,222
5,12,19,254
6,0,20,110
0,4,69,0
0,0,0,0
192,0,0,16
128,76,153,238
5,12,19,254
6,0,20,126
0,4,69,0
0,0,0,0
192,0,0,16
128,76,153,254
192,0,0,0
130,15,0,53
5,12,20,142
0,0,216,64
192,0,0,0
130,30,0,0
4,24,136,0
0,0,0,0
6,0,24,1
192,0,0,24
128,64,28,46
192,0,0,0
130,15,0,58
5,12,20,142
0,0,216,64
192,0,0,0
130,30,0,0
4,24,136,0
0,0,0,0
6,0,24,1
192,0,0,24
128,64,26,30
192,0,0,0
130,15,0,63
5,12,20,142
0,0,216,64
192,0,0,0
130,30,0,0
4,24,136,0
0,0,0,0
6,0,24,1
192,0,0,24
128,64,26,14
192,0,0,0
130,15,0,68
5,12,21,46
0,0,216,64
192,0,0,0
130,30,0,0
4,24,136,0
0,0,0,0
6,0,24,1
192,0,0,24
128,64,26,62
192,0,0,0
130,15,0,73
5,12,21,46
0,0,216,64
192,0,0,0
130,30,0,0
4,24,136,0
0,0,0,0
6,0,24,1
192,0,0,24
128,64,26,46
192,0,0,0
130,15,0,78
5,12,21,46
0,0,216,64
192,0,0,0
130,30,0,0
4,24,136,0
0,0,0,0
6,0,24,1
192,0,0,24
128,64,28,94
192,0,0,0
130,15,0,83
5,12,21,206
0,0,216,64
192,0,0,0
130,30,0,0
4,24,136,0
0,0,0,0
6,0,24,1
192,0,0,24
128,64,28,142
192,0,0,0
130,15,0,88
5,12,21,206
0,0,216,64
192,0,0,0
130,30,0,0
4,24,136,0
0,0,0,0
6,0,24,1
192,0,0,24
128,64,26,94
192,0,0,0
130,15,0,93
5,12,21,206
0,0,216,64
192,0,0,0
130,30,0,0
4,24,136,0
0,0,0,0
6,0,24,1
192,0,0,24
128,64,26,78
192,0,0,0
130,15,0,98
5,12,22,110
0,0,216,64
192,0,0,0
130,30,0,0
4,24,136,0
0,0,0,0
6,0,24,1
192,0,0,24
128,64,26,110
192,0,0,0
130,15,0,103
5,12,22,110
0,0,216,64
192,0,0,0
130,30,0,0
4,24,136,0
0,0,0,0
6,0,24,1
192,0,0,24
128,64,26,126
192,0,0,0
130,15,0,108
5,12,22,110
0,0,216,64
192,0,0,0
130,30,0,0
4,24,136,0
0,0,0,0
6,0,24,1
192,0,0,24
128,64,28,190
192,0,0,0
130,15,0,113
5,12,23,14
0,0,216,64
192,0,0,0
130,30,0,0
4,24,136,0
0,0,0,0
6,0,24,1
192,0,0,24
128,64,26,142
192,0,0,0
130,15,0,118
5,12,23,14
0,0,216,64
192,0,0,0
130,30,0,0
4,24,136,0
0,0,0,0
6,0,24,1
192,0,0,24
128,64,26,158
192,0,0,0
130,15,0,123
5,12,23,14
0,0,216,64
192,0,0,0
130,30,0,0
4,24,136,0
0,0,0,0
6,0,24,1
192,0,0,24
128,64,28,238
192,0,0,0
130,15,0,128
5,12,23,174
0,0,216,64
192,0,0,0
130,30,0,0
4,24,136,0
0,0,0,0
6,0,24,1
192,0,0,24
128,64,26,190
192,0,0,0
130,15,0,133
5,12,23,174
0,0,216,64
192,0,0,0
130,30,0,0
4,24,136,0
0,0,0,0
6,0,24,1
192,0,0,24
128,64,26,174
192,0,0,0
130,15,0,138
5,12,23,174
0,0,216,64
192,0,0,0
130,30,0,0
4,24,136,0
0,0,0,0
6,0,24,1
192,0,0,24
128,64,29,30
192,0,0,0
130,15,0,143
192,0,0,16
128,12,24,78
0,0,216,64
192,0,0,0
130,30,0,0
4,24,136,0
0,0,0,0
6,0,24,1
192,0,0,24
128,64,26,222
192,0,0,0
130,15,0,148
192,0,0,16
128,12,24,78
0,0,216,64
192,0,0,0
130,30,0,0
4,24,136,0
0,0,0,0
6,0,24,1
192,0,0,24
128,64,29,78
192,0,0,0
130,15,0,153
192,0,0,16
128,12,24,78
0,0,216,64
192,0,0,0
130,30,0,0
4,24,136,0
0,0,0,0
6,0,24,1
192,0,0,24
128,64,26,206
192,0,0,0
130,15,0,158
192,0,0,16
128,12,24,238
0,0,216,64
192,0,0,0
130,30,0,0
4,24,136,0
0,0,0,0
6,0,24,1
192,0,0,24
128,64,26,254
192,0,0,0
130,15,0,163
192,0,0,16
128,12,24,238
0,0,216,64
192,0,0,0
130,30,0,0
4,24,136,0
0,0,0,0
6,0,24,1
192,0,0,24
128,64,26,238
192,0,0,0
130,15,0,168
192,0,0,16
128,12,24,238
0,0,216,64
192,0,0,0
130,30,0,0
4,24,136,0
0,0,0,0
6,0,24,1
192,0,0,24
128,64,29,126
5,12,17,110
192,0,0,24
128,0,25,142
0,4,69,0
0,0,0,0
192,0,0,16
128,76,155,14
5,12,17,142
192,0,0,24
128,0,25,158
0,4,69,0
0,0,0,0
192,0,0,16
128,76,155,30
5,12,17,158
192,0,0,24
128,0,25,174
0,4,69,0
0,0,0,0
192,0,0,16
128,76,155,46
5,12,17,174
192,0,0,24
128,0,25,190
0,4,69,0
0,0,0,0
192,0,0,16
128,76,155,62
5,12,17,190
192,0,0,24
128,0,25,206
0,4,69,0
0,0,0,0
192,0,0,16
128,76,155,78
5,12,17,206
192,0,0,24
128,0,25,222
0,4,69,0
0,0,0,0
192,0,0,16
128,76,155,94
5,12,17,222
192,0,0,24
128,0,25,238
0,4,69,0
0,0,0,0
192,0,0,16
128,76,155,110
5,12,17,238
192,0,0,24
128,0,25,254
0,4,69,0
0,0,0,0
192,0,0,16
128,76,155,126
12,64,220,48
192,0,0,24
128,16,154,30
6,17,21,30
192,0,0,24
128,128,17,190
192,0,0,16
128,13,28,14
0,16,144,80
192,0,0,16
128,44,26,14
0,66,68,72
192,0,0,16
128,76,156,30
0,132,24,129
0,6,5,8
192,0,0,16
128,236,17,174
192,0,0,16
128,204,145,206
12,64,220,48
192,0,0,24
128,16,154,62
6,17,21,142
192,0,0,24
128,128,17,238
192,0,0,16
128,13,28,62
0,16,144,80
192,0,0,16
128,44,26,46
0,66,68,72
192,0,0,16
128,76,156,78
0,132,24,129
0,6,5,8
192,0,0,16
128,236,17,222
192,0,0,16
128,204,145,254
12,64,220,48
192,0,0,24
128,16,154,94
6,17,22,94
192,0,0,24
128,128,18,30
192,0,0,16
128,13,28,110
0,16,144,80
192,0,0,16
128,44,26,78
0,66,68,72
192,0,0,16
128,76,156,126
0,132,24,129
0,6,5,8
192,0,0,16
128,236,18,14
192,0,0,16
128,204,146,46
12,64,220,48
192,0,0,24
128,16,154,126
6,17,22,142
192,0,0,24
128,128,18,78
192,0,0,16
128,13,28,158
0,16,144,80
192,0,0,16
128,44,26,110
0,66,68,72
192,0,0,16
128,76,156,174
0,132,24,129
0,6,5,8
192,0,0,16
128,236,18,62
192,0,0,16
128,204,146,94
12,64,220,48
192,0,0,24
128,16,154,158
6,17,23,46
192,0,0,24
128,128,18,126
192,0,0,16
128,13,28,206
0,16,144,80
192,0,0,16
128,44,26,142
0,66,68,72
192,0,0,16
128,76,156,222
0,132,24,129
0,6,5,8
192,0,0,16
128,236,18,110
192,0,0,16
128,204,146,142
12,64,220,48
192,0,0,24
128,16,154,190
192,0,0,24
128,17,24,14
192,0,0,24
128,128,18,174
192,0,0,16
128,13,28,254
0,16,144,80
192,0,0,16
128,44,26,174
0,66,68,72
192,0,0,16
128,76,157,14
0,132,24,129
0,6,5,8
192,0,0,16
128,236,18,158
192,0,0,16
128,204,146,190
12,64,220,48
192,0,0,24
128,16,154,222
192,0,0,24
128,17,24,222
192,0,0,24
128,128,18,222
192,0,0,16
128,13,29,46
0,16,144,80
192,0,0,16
128,44,26,206
0,66,68,72
192,0,0,16
128,76,157,62
0,132,24,129
0,6,5,8
192,0,0,16
128,236,18,206
192,0,0,16
128,204,146,238
12,64,220,48
192,0,0,24
128,16,154,254
192,0,0,24
128,17,25,78
192,0,0,24
128,128,19,14
192,0,0,16
128,13,29,94
0,16,144,80
192,0,0,16
128,44,26,238
0,66,68,72
192,0,0,16
128,76,157,110
0,132,24,129
0,6,5,8
192,0,0,16
128,236,18,254
192,0,0,16
128,204,147,30
5,12,17,110
192,0,0,16
128,44,27,14
0,132,0,8
192,0,0,16
128,76,27,142
5,12,17,142
192,0,0,16
128,44,27,30
0,132,0,8
192,0,0,16
128,76,27,158
5,12,17,158
192,0,0,16
128,44,27,46
0,132,0,8
192,0,0,16
128,76,27,174
5,12,17,174
192,0,0,16
128,44,27,62
0,132,0,8
192,0,0,16
128,76,27,190
5,12,17,190
192,0,0,16
128,44,27,78
0,132,0,8
192,0,0,16
128,76,27,206
5,12,17,206
192,0,0,16
128,44,27,94
0,132,0,8
192,0,0,16
128,76,27,222
5,12,17,222
192,0,0,16
128,44,27,110
0,132,0,8
192,0,0,16
128,76,27,238
5,12,17,238
192,0,0,16
128,44,27,126
0,132,0,8
192,0,0,16
128,76,27,254
10,37,220,220
8,128,1,86
10,225,1,84
0,0,216,112
0,0,164,216
0,214,33,1
0,0,224,41
7,5,136,0
0,132,25,179
0,4,69,144
192,0,0,16
128,44,155,142
0,244,169,9
0,66,44,8
10,229,1,82
0,148,8,137
11,225,1,84
192,0,0,16
128,76,158,142
10,37,220,220
8,128,1,93
10,225,1,91
0,0,216,112
0,0,164,216
0,214,33,1
0,0,224,41
7,5,136,0
0,132,25,179
0,4,69,144
192,0,0,16
128,44,155,158
0,244,169,9
0,66,44,8
10,229,1,89
0,148,8,137
11,225,1,91
192,0,0,16
128,76,158,158
10,37,220,220
8,128,1,100
10,225,1,98
0,0,216,112
0,0,164,216
0,214,33,1
0,0,224,41
7,5,136,0
0,132,25,179
0,4,69,144
192,0,0,16
128,44,155,174
0,244,169,9
0,66,44,8
10,229,1,96
0,148,8,137
11,225,1,98
192,0,0,16
128,76,158,174
10,37,220,220
8,128,1,107
10,225,1,105
0,0,216,112
0,0,164,216
0,214,33,1
0,0,224,41
7,5,136,0
0,132,25,179
0,4,69,144
192,0,0,16
128,44,155,190
0,244,169,9
0,66,44,8
10,229,1,103
0,148,8,137
11,225,1,105
192,0,0,16
128,76,158,190
10,37,220,220
8,128,1,114
10,225,1,112
0,0,216,112
0,0,164,216
0,214,33,1
0,0,224,41
7,5,136,0
0,132,25,179
0,4,69,144
192,0,0,16
128,44,155,206
0,244,169,9
0,66,44,8
10,229,1,110
0,148,8,137
11,225,1,112
192,0,0,16
128,76,158,206
10,37,220,220
8,128,1,121
10,225,1,119
0,0,216,112
0,0,164,216
0,214,33,1
0,0,224,41
7,5,136,0
0,132,25,179
0,4,69,144
192,0,0,16
128,44,155,222
0,244,169,9
0,66,44,8
10,229,1,117
0,148,8,137
11,225,1,119
192,0,0,16
128,76,158,222
10,37,220,220
8,128,1,128
10,225,1,126
0,0,216,112
0,0,164,216
0,214,33,1
0,0,224,41
7,5,136,0
0,132,25,179
0,4,69,144
192,0,0,16
128,44,155,238
0,244,169,9
0,66,44,8
10,229,1,124
0,148,8,137
11,225,1,126
192,0,0,16
128,76,158,238
10,37,220,220
8,128,1,135
10,225,1,133
0,0,216,112
0,0,164,216
0,214,33,1
0,0,224,41
7,5,136,0
0,132,25,179
0,4,69,144
192,0,0,16
128,44,155,254
0,244,169,9
0,66,44,8
10,229,1,131
0,148,8,137
11,225,1,133
192,0,0,16
128,76,158,254
192,0,0,16
128,12,28,30
192,0,0,16
128,12,156,46
0,136,16,16
5,13,20,158
5,13,148,190
0,32,4,67
192,0,0,16
128,77,29,158
192,0,0,16
128,12,28,78
192,0,0,16
128,12,156,94
0,136,16,16
5,13,21,174
5,13,149,126
0,32,4,67
192,0,0,16
128,77,29,190
192,0,0,16
128,12,28,126
192,0,0,16
128,12,156,142
0,136,16,16
5,13,21,222
5,13,149,254
0,32,4,67
192,0,0,16
128,77,29,222
192,0,0,16
128,12,28,174
192,0,0,16
128,12,156,190
0,136,16,16
5,13,22,238
5,13,150,126
0,32,4,67
192,0,0,16
128,77,29,254
192,0,0,16
128,12,28,222
192,0,0,16
128,12,156,238
0,136,16,16
5,13,23,142
5,13,151,30
0,32,4,67
192,0,0,16
128,77,30,30
192,0,0,16
128,12,29,14
192,0,0,16
128,12,157,30
0,136,16,16
192,0,0,16
128,13,24,46
5,13,151,254
0,32,4,67
192,0,0,16
128,77,30,62
192,0,0,16
128,12,29,62
192,0,0,16
128,12,157,78
0,136,16,16
192,0,0,16
128,13,24,158
192,0,0,16
128,13,152,190
0,32,4,67
192,0,0,16
128,77,30,94
192,0,0,16
128,12,29,110
192,0,0,16
128,12,157,126
0,136,16,16
192,0,0,16
128,13,25,110
192,0,0,16
128,13,153,62
0,32,4,67
192,0,0,16
128,77,30,126
192,0,0,16
128,12,29,142
192,0,0,16
128,44,29,158
10,37,0,173
0,140,16,1
0,140,24,129
0,0,180,34
0,0,188,35
0,156,32,8
0,32,6,24
192,0,0,16
128,204,16,46
192,0,0,16
128,12,29,174
192,0,0,16
128,44,29,190
10,37,0,174
0,140,16,1
0,140,24,129
0,0,180,34
0,0,188,35
0,156,32,8
0,32,6,24
192,0,0,16
128,204,16,94
192,0,0,16
128,12,29,206
192,0,0,16
128,44,29,222
10,37,0,175
0,140,16,1
0,140,24,129
0,0,180,34
0,0,188,35
0,156,32,8
0,32,6,24
192,0,0,16
128,204,16,142
192,0,0,16
128,12,29,238
192,0,0,16
128,44,29,254
10,37,0,176
0,140,16,1
0,140,24,129
0,0,180,34
0,0,188,35
0,156,32,8
0,32,6,24
192,0,0,16
128,204,16,190
192,0,0,16
128,12,30,14
192,0,0,16
128,44,30,30
10,37,0,177
0,140,16,1
0,140,24,129
0,0,180,34
0,0,188,35
0,156,32,8
0,32,6,24
192,0,0,16
128,204,16,238
192,0,0,16
128,12,30,46
192,0,0,16
128,44,30,62
10,37,0,178
0,140,16,1
0,140,24,129
0,0,180,34
0,0,188,35
0,156,32,8
0,32,6,24
192,0,0,16
128,204,17,30
192,0,0,16
128,12,30,78
192,0,0,16
128,44,30,94
10,37,0,179
0,140,16,1
0,140,24,129
0,0,180,34
0,0,188,35
0,156,32,8
0,32,6,24
192,0,0,16
128,204,17,78
192,0,0,16
128,12,30,110
192,0,0,16
128,44,30,126
10,37,0,180
0,140,16,1
0,140,24,129
0,0,180,34
0,0,188,35
0,156,32,8
0,32,6,24
192,0,0,16
128,204,17,126
192,0,0,16
128,12,30,142
192,0,0,24
128,0,28,30
0,4,69,0
0,0,0,0
192,0,0,16
128,76,159,14
192,0,0,16
128,12,30,158
192,0,0,24
128,0,28,78
0,4,69,0
0,0,0,0
192,0,0,16
128,76,159,30
192,0,0,16
128,12,30,174
192,0,0,24
128,0,28,126
0,4,69,0
0,0,0,0
192,0,0,16
128,76,159,46
192,0,0,16
128,12,30,190
192,0,0,24
128,0,28,174
0,4,69,0
0,0,0,0
192,0,0,16
128,76,159,62
192,0,0,16
128,12,30,206
192,0,0,24
128,0,28,222
0,4,69,0
0,0,0,0
192,0,0,16
128,76,159,78
192,0,0,16
128,12,30,222
192,0,0,24
128,0,29,14
0,4,69,0
0,0,0,0
192,0,0,16
128,76,159,94
192,0,0,16
128,12,30,238
192,0,0,24
128,0,29,62
0,4,69,0
0,0,0,0
192,0,0,16
128,76,159,110
192,0,0,16
128,12,30,254
192,0,0,24
128,0,29,110
0,4,69,0
0,0,0,0
192,0,0,16
128,76,159,126
12,64,1,138
192,0,0,24
128,0,31,14
0,4,0,128
0,0,0,0
192,0,0,16
128,204,16,14
12,64,1,139
192,0,0,24
128,0,31,30
0,4,0,128
0,0,0,0
192,0,0,16
128,76,31,254
12,64,1,140
192,0,0,24
128,0,31,46
0,4,0,128
0,0,0,0
192,0,0,16
128,76,31,238
12,64,1,141
192,0,0,24
128,0,31,62
0,4,0,128
0,0,0,0
192,0,0,16
128,76,31,222
12,64,1,142
192,0,0,24
128,0,31,78
0,4,0,128
0,0,0,0
192,0,0,16
128,76,31,206
12,64,1,143
192,0,0,24
128,0,31,94
0,4,0,128
0,0,0,0
192,0,0,16
128,76,31,190
12,64,1,144
192,0,0,24
128,0,31,110
0,4,0,128
0,0,0,0
192,0,0,16
128,204,19,46
12,64,1,145
192,0,0,24
128,0,31,126
0,4,0,128
0,0,0,0
192,0,0,16
128,76,31,174
192,0,0,0
130,15,0,181
192,0,0,24
128,16,31,142
192,0,0,24
128,16,159,158
192,0,0,24
128,17,31,174
192,0,0,24
128,17,159,174
6,12,64,64
224,56,128,6
128,0,1,4
192,0,0,24
128,16,31,190
192,0,0,24
128,16,159,206
192,0,0,24
128,17,31,222
192,0,0,24
128,17,159,238
224,56,128,2
128,0,1,4
192,0,0,24
128,16,31,254
192,0,0,24
128,144,144,14
224,32,164,1
128,0,1,2
0,132,1,16
192,0,0,16
128,204,144,30
192,0,0,24
128,128,16,30
13,0,252,192
192,0,0,24
128,128,16,30
13,0,252,193
192,0,0,16
128,140,16,46
192,0,0,16
128,204,16,78
192,0,0,16
128,140,16,94
192,0,0,16
128,204,16,126
192,0,0,16
128,140,16,142
192,0,0,16
128,204,16,174
192,0,0,16
128,140,16,190
192,0,0,16
128,204,16,222
192,0,0,16
128,140,16,238
192,0,0,16
128,204,17,14
192,0,0,16
128,140,17,30
192,0,0,16
128,204,17,62
192,0,0,16
128,140,17,78
192,0,0,16
128,204,17,110
192,0,0,16
128,140,17,126
192,0,0,16
128,204,17,158
8,156,0,16
0,0,0,0
0,0,46,1
0,0,0,0
9,156,0,16
0,0,0,2
12,16,244,96
2,194,0,0
0,0,0,0
0,0,0,0
1626
0,0
0,0,0,0
0,0,0,0
0,0,0,0
0,0,0,0
0,0,0,0
0,0,0,0
0,0,0,0
0,0,0,0
0,0,0,0
0,0,0,0
0,0,0,0
0,0,0,0
0,0,0,0
0,0,0,0
0,0,0,0
0,0,0,0
0,0,0,8
0,0,0,8
0,0,1,52
0,0,0,0
0,0,0,0
0,0,32,138
1,0,0,0
0,0,0,0
1,0,0,0
0,0,32,138
0,0,0,0
1,0,0,0
0,0,32,138
0,0,0,1
0,128,0,0
0,0,0,1
0,128,0,0
0,0,0,1
0,128,0,0
0,128,0,0
0,0,0,1
0,0,0,1
0,128,0,0
0,0,0,1
0,128,0,0
0,128,0,0
0,0,0,1
0,0,0,1
0,128,0,0
0,0,0,0
0,0,0,0
0,0,0,0
0,0,0,0
0,0,0,0
0,0,0,0
0,0,0,0
0,0,0,0
0,0,0,73
0,0,0,73
0,0,0,74
0,0,0,75
0,0,0,76
0,0,0,77
0,0,0,78
0,0,0,79
0,0,0,80
0,0,0,80
0,0,0,75
0,0,0,81
0,0,0,74
0,0,0,75
0,0,0,75
0,0,0,83
0,0,0,84
0,0,0,85
0,0,0,86
0,0,0,86
0,0,0,87
0,0,0,88
0,0,0,89
0,0,0,87
0,0,0,87
0,0,0,90
0,0,0,90
0,0,0,89
0,0,0,87
0,0,0,91
0,0,0,93
0,0,0,93
0,0,0,94
0,0,0,95
0,0,0,96
0,0,0,97
0,0,0,98
0,0,0,99
0,0,0,100
0,0,0,100
0,0,0,95
0,0,0,101
0,0,0,94
0,0,0,95
0,0,0,95
0,0,0,103
0,0,0,104
0,0,0,105
0,0,0,103
0,0,0,103
0,0,0,106
0,0,0,107
0,0,0,108
0,0,0,109
0,0,0,109
0,0,0,110
0,0,0,110
0,0,0,105
0,0,0,103
0,0,0,111
0,0,0,113
0,0,0,114
0,0,0,115
0,0,0,113
0,0,0,113
0,0,0,116
0,0,0,117
0,0,0,118
0,0,0,119
0,0,0,119
0,0,0,120
0,0,0,120
0,0,0,115
0,0,0,113
0,0,0,121
0,0,0,123
0,0,0,124
0,0,0,125
0,0,0,126
0,0,0,126
0,0,0,127
0,0,0,128
0,0,0,129
0,0,0,127
0,0,0,127
0,0,0,130
0,0,0,130
0,0,0,129
0,0,0,127
0,0,0,131
0,0,0,133
0,0,0,134
0,0,0,135
0,0,0,136
0,0,0,136
0,0,0,137
0,0,0,137
0,0,0,138
0,0,0,139
0,0,0,140
0,0,0,139
0,0,0,141
0,0,0,138
0,0,0,139
0,0,0,139
0,0,0,143
0,0,0,144
0,0,0,145
0,0,0,146
0,0,0,146
0,0,0,147
0,0,0,148
0,0,0,149
0,0,0,147
0,0,0,147
0,0,0,150
0,0,0,150
0,0,0,149
0,0,0,147
0,0,0,151
0,128,0,0
0,128,0,0
0,128,0,0
0,128,0,0
0,128,0,0
0,128,0,0
0,128,0,0
0,128,0,0
1,0,0,0
1,0,0,0
1,0,0,0
1,0,0,0
1,0,0,0
1,0,0,0
1,0,0,0
1,0,0,0
1,0,0,0
1,0,0,0
0,0,0,0
1,0,0,0
2,0,0,0
0,0,0,0
0,0,40,246
0,0,1,80
0,0,65,137
0,2,143,92
0,76,204,205
0,0,0,0
0,4,177,126
0,0,0,0
1,0,0,0
2,0,0,0
0,0,0,0
0,0,40,246
0,0,1,80
0,0,65,137
0,2,143,92
0,76,204,205
0,0,0,0
0,4,177,126
0,0,0,0
1,0,0,0
2,0,0,0
0,0,0,0
0,0,40,246
0,0,1,80
0,0,65,137
0,2,143,92
0,76,204,205
0,0,0,0
0,4,177,126
0,0,0,0
1,0,0,0
2,0,0,0
0,0,0,0
0,0,40,246
0,0,1,80
0,0,65,137
0,2,143,92
0,76,204,205
0,0,0,0
0,4,177,126
0,0,0,0
1,0,0,0
2,0,0,0
0,0,0,0
0,0,40,246
0,0,1,80
0,0,65,137
0,2,143,92
0,76,204,205
0,0,0,0
0,4,177,126
0,0,0,0
1,0,0,0
2,0,0,0
0,0,0,0
0,0,40,246
0,0,1,80
0,0,65,137
0,2,143,92
0,76,204,205
0,0,0,0
0,4,177,126
0,0,0,0
1,0,0,0
2,0,0,0
0,0,0,0
0,0,40,246
0,0,1,80
0,0,65,137
0,2,143,92
0,76,204,205
0,0,0,0
0,4,177,126
0,0,0,0
1,0,0,0
2,0,0,0
0,0,0,0
0,0,40,246
0,0,1,80
0,0,65,137
0,2,143,92
0,76,204,205
0,0,0,0
0,4,177,126
0,128,0,0
2,0,0,0
1,0,0,0
0,0,7,255
255,255,255,255
0,0,0,0
0,0,0,0
0,0,192,0
0,0,192,0
0,0,8,0
0,0,7,255
255,255,255,255
0,0,0,0
0,0,0,0
0,0,192,0
0,0,192,0
0,0,8,0
0,0,7,255
255,255,255,255
0,0,0,0
0,0,0,0
0,0,192,0
0,0,192,0
0,0,8,0
0,0,7,255
255,255,255,255
0,0,0,0
0,0,0,0
0,0,192,0
0,0,192,0
0,0,8,0
0,0,7,255
255,255,255,255
0,0,0,0
0,0,0,0
0,0,192,0
0,0,192,0
0,0,8,0
0,0,7,255
255,255,255,255
0,0,0,0
0,0,0,0
0,0,192,0
0,0,192,0
0,0,8,0
0,0,7,255
255,255,255,255
0,0,0,0
0,0,0,0
0,0,192,0
0,0,192,0
0,0,8,0
0,0,7,255
255,255,255,255
0,0,0,0
0,0,0,0
0,0,192,0
0,0,192,0
0,0,8,0
0,0,7,255
255,255,255,255
0,0,0,0
0,0,0,0
0,0,192,0
0,0,192,0
0,0,8,0
0,0,7,255
255,255,255,255
0,0,0,0
0,0,0,0
0,0,192,0
0,0,192,0
0,0,8,0
0,0,7,255
255,255,255,255
0,0,0,0
0,0,0,0
0,0,192,0
0,0,192,0
0,0,8,0
0,0,7,255
255,255,255,255
0,0,0,0
0,0,0,0
0,0,192,0
0,0,192,0
0,0,8,0
0,0,7,255
255,255,255,255
0,0,0,0
0,0,0,0
0,0,192,0
0,0,192,0
0,0,8,0
0,0,7,255
255,255,255,255
0,0,0,0
0,0,0,0
0,0,192,0
0,0,192,0
0,0,8,0
0,0,7,255
255,255,255,255
0,0,0,0
0,0,0,0
0,0,192,0
0,0,192,0
0,0,8,0
0,0,7,255
255,255,255,255
0,0,0,0
0,0,0,0
0,0,192,0
0,0,192,0
0,0,8,0
1,0,0,0
1,0,0,0
1,0,0,0
1,0,0,0
1,0,0,0
1,0,0,0
1,0,0,0
1,0,0,0
0,0,0,0
0,0,0,0
0,0,0,0
0,0,0,0
1282
96,0
0,0,0,0
0,0,0,0
0,0,0,0
0,0,0,0
0,0,0,0
0,0,0,0
0,0,0,0
0,0,0,0
0,0,0,0
0,0,0,0
0,0,0,0
0,0,0,0
0,0,0,0
0,0,0,0
0,0,0,0
0,0,0,0
0,0,0,0
0,0,0,0
0,0,0,0
0,0,0,0
0,0,0,0
0,0,0,0
0,0,0,0
0,0,0,0
0,0,0,0
0,0,0,0
0,0,0,0
0,0,0,0
0,0,0,0
0,0,0,0
0,0,0,0
0,0,0,0
0,0,0,0
0,0,0,0
0,0,0,0
0,0,0,0
0,0,0,0
0,0,0,0
0,0,0,0
0,0,0,0
0,0,0,0
0,0,0,0
0,0,0,0
0,0,0,0
0,0,0,0
0,0,0,0
0,0,0,0
0,0,0,0
0,0,0,0
0,0,0,0
0,0,0,0
0,0,0,0
0,0,0,0
0,0,0,0
0,0,0,0
0,0,0,0
0,0,0,0
0,0,0,0
0,0,0,0
0,0,0,0
0,0,0,0
0,0,0,0
0,0,0,0
0,0,0,0
0,0,0,0
0,0,0,0
0,0,0,0
0,0,0,0
0,0,0,0
0,0,0,0
0,0,0,0
0,0,0,0
0,0,0,0
0,0,0,0
0,0,0,0
0,0,0,0
0,0,0,0
0,0,0,0
0,0,0,0
0,0,0,0
0,0,0,0
0,0,0,0
0,0,0,0
0,0,0,0
0,0,0,0
0,0,0,0
0,0,0,0
0,0,0,0
0,0,0,0
0,0,0,0
0,0,0,0
0,0,0,0
0,0,0,0
0,0,0,0
0,0,0,0
0,0,0,0
0,0,0,0
0,0,0,0
0,0,0,0
0,0,0,0
0,0,0,0
0,0,0,0
0,0,0,0
0,0,0,0
0,0,0,0
0,0,0,0
0,0,0,0
0,0,0,0
0,0,0,0
0,0,0,0
0,0,0,0
0,0,0,0
0,0,0,0
0,0,0,0
0,0,0,0
0,0,0,0
0,0,0,0
0,0,0,0
0,0,0,0
0,0,0,0
0,0,0,0
0,0,0,0
0,0,0,0
0,0,0,0
0,0,0,0
0,0,0,0
0,0,0,0
0,0,0,0
0,0,0,0
0,0,0,0
0,0,0,0
0,0,0,0
0,0,0,0
0,0,0,0
0,0,0,0
0,0,0,0
0,0,0,0
0,0,0,0
0,0,0,0
0,0,0,0
0,0,0,0
0,0,0,0
0,0,0,0
0,0,0,0
0,0,0,0
0,0,0,0
0,0,0,0
0,0,0,0
0,0,0,0
0,0,0,0
0,0,0,0
0,0,0,0
0,0,0,0
0,0,0,0
0,0,0,0
0,0,0,0
0,0,0,0
0,0,0,0
0,0,0,0
0,0,0,0
0,0,0,0
0,0,0,0
0,0,0,0
0,0,0,0
0,0,0,0
0,0,0,0
0,0,0,0
0,0,0,0
0,0,0,0
0,0,0,0
0,0,0,0
0,0,0,0
0,0,0,0
0,0,0,0
0,0,0,0
0,0,0,0
0,0,0,0
0,0,0,0
0,0,0,0
0,0,0,0
0,0,0,0
0,0,0,0
0,0,0,0
0,0,0,0
0,0,0,0
0,0,0,0
0,0,0,0
0,0,0,0
0,0,0,0
0,0,0,0
0,0,0,0
0,0,0,0
0,0,0,0
0,0,0,0
0,0,0,0
0,0,0,0
0,0,0,0
0,0,0,0
0,0,0,0
0,0,0,0
0,0,0,0
0,0,0,0
0,0,0,0
0,0,0,0
0,0,0,0
0,0,0,0
0,0,0,0
0,0,0,0
0,0,0,0
0,0,0,0
0,0,0,0
0,0,0,0
0,0,0,0
0,0,0,0
0,0,0,0
0,0,0,0
0,0,0,0
0,0,0,0
0,0,0,0
0,0,0,0
0,0,0,0
0,0,0,0
0,0,0,0
0,0,0,0
0,0,0,0
0,0,0,0
0,0,0,0
0,0,0,0
0,0,0,0
0,0,0,0
0,0,0,0
0,0,0,0
0,0,0,0
0,0,0,0
0,0,0,0
0,0,0,0
0,0,0,0
0,0,0,0
0,0,0,0
0,0,0,0
0,0,0,0
0,0,0,0
0,0,0,0
0,0,0,0
0,0,0,0
0,0,0,0
0,0,0,0
0,0,0,0
0,0,0,0
0,0,0,0
0,0,0,0
0,0,0,0
0,0,0,0
0,0,0,0
0,0,0,0
0,0,0,0
0,0,0,0
0,0,0,0
0,0,0,0
0,0,0,0
0,0,0,0
0,0,0,0
0,0,0,0
0,0,0,0
0,0,0,0
0,0,0,0
0,0,0,0
0,0,0,0
0,0,0,0
0,0,0,0
0,0,0,0
0,0,0,0
0,0,0,0
0,0,0,0
0,0,0,0
0,0,0,0
0,0,0,0
0,0,0,0
0,0,0,0
0,0,0,0
0,0,0,0
0,0,0,0
0,0,0,0
0,0,0,0
0,0,0,0
0,0,0,0
0,0,0,0
0,0,0,0
0,0,0,0
0,0,0,0
0,0,0,0
0,0,0,0
0,0,0,0
0,0,0,0
0,0,0,0
0,0,0,0
0,0,0,0
0,0,0,0
0,0,0,0
0,0,0,0
0,0,0,0
0,0,0,0
0,0,0,0
0,0,0,0
0,0,0,0
0,0,0,0
0,0,0,0
0,0,0,0
0,0,0,0
0,0,0,0
0,0,0,0
0,0,0,0
0,0,0,0
0,0,0,0
0,0,0,0
0,0,0,0
0,0,0,0
0,0,0,0
0,0,0,0
0,0,0,0
4
244,3
0,0
4
244,4
0,0
4
244,1
0,2
4
244,2
0,0
4
244,2
0,1
4
0,0
0,1
4
244,0
0,0
